0.04940317466625548
0.04940313227360027
0.049403088321175445
0.049403042808981
0.04940299573701694
0.049402947105283264
0.04940289691377997
0.04940284516250705
0.049402791851464525
0.049402736980652374
0.04940268055007061
0.04940262255971923
0.04940256300959823
0.04940250189970761
0.049402439230047376
0.049402375000617525
0.049402309211418055
0.049402241862448966
0.049402172953710265
0.049402102485201944
0.049402030456924005
0.04940195686887645
0.049401881721059276
0.04940180501347248
0.04940172674611607
0.04940164691899005
0.049401565532094405
0.049401482585429146
0.04940139807899427
0.04940131201278977
0.04940122438681566
0.049401135201071936
0.04940104445555859
0.04940095215027562
0.04940085828522304
0.04940076286040084
0.049400665875809026
0.04940056733144759
0.049400467227316544
0.04940036556341587
0.049400262339745586
0.04940015755630568
0.049400051213096166
0.049399943310117024
0.04939983384736827
0.0493997228248499
0.04939961024256191
0.0493994961005043
0.04939938039867708
0.049399263137080235
0.04939914431571378
0.0493990239345777
0.04939890199367201
0.049398778492996696
0.04939865343255177
0.04939852681233722
0.04939839863235306
0.04939826889259928
0.04939813759307588
0.04939800473378287
0.04939787031472024
0.04939773433588799
0.04939759679728612
0.04939745769891463
0.049397317040773533
0.049397174822862815
0.04939703104518248
0.04939688570773253
0.04939673881051295
0.04939659035352376
0.04939644033676496
0.04939628876023654
0.0493961356239385
0.04939598092787084
0.049395824672033566
0.04939566685642667
0.04939550748105016
0.04939534654590404
0.04939518405098829
0.04939501999630293
0.04939485438184795
0.049394687207623356
0.04939451847362914
0.04939434817986531
0.04939417632633186
0.04939400291302879
0.04939382793995611
0.04939365140711381
0.04939347331450189
0.049393293662120356
0.049393112449969204
0.04939292967804843
0.04939274534635805
0.049392559454898045
0.049392372003668424
0.04939218299266918
0.04939199242190032
0.04939180029136185
0.04939160660105376
0.04939141135097605
0.04939121454112873
0.04939101617151179
0.04939081624212522
0.04939061475296905
0.04939041170404325
0.04939020709534784
0.04939000092688281
0.04938979319864816
0.049389583910643894
0.049389373062870015
0.04938916065532652
0.0493889466880134
0.04938873116093066
0.049388514074078314
0.04938829542745635
0.04938807522106476
0.049387853454903555
0.04938763012897274
0.049387405243272293
0.04938717879780224
0.04938695079256257
0.049386721227553276
0.04938649010277437
0.049386257418225846
0.0493860231739077
0.049385787369819946
0.04938555000596257
0.04938531108233558
0.049385070598938964
0.04938482855577273
0.04938458495283689
0.049384339790131425
0.04938409306765634
0.04938384478541165
0.04938359494339733
0.049383343541613396
0.049383090580059845
0.04938283605873668
0.04938257997764389
0.04938232233678149
0.04938206313614948
0.04938180237574784
0.04938154005557659
0.04938127617563571
0.049381010735925226
0.04938074373644512
0.04938047517719539
0.04938020505817605
0.04937993337938709
0.04937966014082852
0.049379385342500325
0.049379108984402516
0.04937883106653509
0.04937855158889804
0.04937827055149138
0.049377987954315104
0.04937770379736921
0.04937741808065369
0.049377130804168556
0.04937684196791381
0.04937655157188944
0.04937625961609546
0.04937596610053186
0.049375671025198645
0.04937537439009581
0.049375076195223355
0.04937477644058128
0.0493744751261696
0.04937417225198829
0.04937386781803737
0.049373561824316826
0.04937325427082667
0.0493729451575669
0.049372634484537506
0.049372322251738494
0.04937200845916987
0.04937169310683163
0.049371376194723766
0.049371057722846286
0.04937073769119919
0.04937041609978248
0.04937009294859615
0.0493697682376402
0.04936944196691464
0.04936911413641945
0.04936878474615465
0.04936845379612024
0.0493681212863162
0.04936778721674255
0.04936745158739928
0.049367114398286394
0.04936677564940389
0.04936643534075177
0.04936609347233003
0.04936575004413868
0.0493654050561777
0.049365058508447114
0.04936471040094691
0.04936436073367708
0.049364009506637635
0.04936365671982858
0.0493633023732499
0.049362946466901605
0.04936258900078369
0.049362229974896164
0.04936186938923902
0.049361507243812254
0.04936114353861587
0.049360778273649875
0.04936041144891426
0.049360043064409026
0.04935967312013417
0.04935930161608971
0.049358928552275624
0.04935855392869192
0.0493581777453386
0.049357800002215665
0.049357420699323105
0.04935703983666093
0.04935665741422915
0.04935627343202774
0.04935588789005672
0.049355500788316076
0.049355112126805815
0.04935472190552594
0.049354330124476445
0.049353936783657334
0.04935354188306861
0.049353145422710264
0.0493527474025823
0.049352347822684724
0.049351946683017525
0.04935154398358071
0.04935113972437428
0.04935073390539823
0.04935032652665256
0.049349917588137275
0.049349507089852376
0.04934909503179786
0.04934868141397372
0.049348266236379966
0.0493478494990166
0.04934743120188361
0.049347011344981005
0.04934658992830878
0.04934616695186694
0.04934574241565549
0.04934531631967441
0.04934488866392372
0.049344459448403405
0.04934402867311348
0.049343596338053936
0.04934316244322477
0.049342726988626
0.0493422899742576
0.04934185140011959
0.04934141126621196
0.049340969572534706
0.04934052631908784
0.04934008150587136
0.04933963513288526
0.049339187200129545
0.049338737707604205
0.04933828665530925
0.04933783404324468
0.0493373798714105
0.0493369241398067
0.04933646684843327
0.04933600799729024
0.04933554758637758
0.04933508561569531
0.04933462208524341
0.04933415699502191
0.04933369034503078
0.049333222135270034
0.049332752365739675
0.0493322810364397
0.04933180814737011
0.04933133369853089
0.04933085768992206
0.049330380121543616
0.04932990099339555
0.04932942030547787
0.049328938057790574
0.04932845425033366
0.04932796888310712
0.04932748195611097
0.0493269934693452
0.049326503422809816
0.04932601181650481
0.049325518650430195
0.04932502392458595
0.0493245276389721
0.04932402979358863
0.04932353038843554
0.04932302942351283
0.04932252689882051
0.04932202281435857
0.049321517170127005
0.04932100996612583
0.04932050120235504
0.049319990878814626
0.049319478995504595
0.04931896555242495
0.04931845054957569
0.04931793398695681
0.04931741586456831
0.0493168961824102
0.04931637494048246
0.049315852138785116
0.049315327777318146
0.04931480185608156
0.04931427437507536
0.04931374533429954
0.04931321473375411
0.04931268257343905
0.04931214885335438
0.04931161357350009
0.049311076733876184
0.049310538334482665
0.04930999837531952
0.04930945685638676
0.049308913777684385
0.049308369139212396
0.04930782294097079
0.049307275182959555
0.049306725865178716
0.04930617498762825
0.049305622550308174
0.04930506855321848
0.049304512996359164
0.04930395587973023
0.049303397203331684
0.04930283696716352
0.049302275171225735
0.04930171181551833
0.049301146900041316
0.04930058042479468
0.04930001238977843
0.04929944279499256
0.04929887164043707
0.04929829892611196
0.04929772465201724
0.049297148818152906
0.049296571424518945
0.04929599247111537
0.04929541195794218
0.04929482988499937
0.04929424625228695
0.04929366105980491
0.049293074307553246
0.049292485995531966
0.04929189612374107
0.04929130469218056
0.04929071170085043
0.04929011714975068
0.04928952103888132
0.04928892336824233
0.04928832413783373
0.049287723347655514
0.049287120997707684
0.04928651708799023
0.04928591161850316
0.04928530458924648
0.049284696000220174
0.049284085851424256
0.04928347414285871
0.04928286087452356
0.04928224604641879
0.04928162965854439
0.04928101171090039
0.04928039220348676
0.049279771136303524
0.04927914850935066
0.049278524322628185
0.04927789857613609
0.04927727126987438
0.04927664240384305
0.04927601197804211
0.049275379992471544
0.04927474644713136
0.04927411134202156
0.049273474677142146
0.04927283645249311
0.04927219666807446
0.0492715553238862
0.049270912419928314
0.049270267956200806
0.04926962193270369
0.04926897434943695
0.0492683252064006
0.04926767450359463
0.04926702224101904
0.04926636841867383
0.04926571303655901
0.04926505609467457
0.04926439759302051
0.04926373753159683
0.04926307591040354
0.04926241272944063
0.0492617479887081
0.049261081688205956
0.049260413827934196
0.04925974440789282
0.04925907342808182
0.049258400888501204
0.049257726789150975
0.04925705113003112
0.049256373911141654
0.049255695132482576
0.04925501479405387
0.049254332895855554
0.04925364943788762
0.049252964420150064
0.0492522778426429
0.049251589705366104
0.0492509000083197
0.04925020875150368
0.04924951593491804
0.049248821558562784
0.04924812562243791
0.04924742812654342
0.049246729070879305
0.04924602845544558
0.04924532628024224
0.049244622545269276
0.049243917250526695
0.0492432103960145
0.04924250198173269
0.04924179200768126
0.04924108047386021
0.049240367380269545
0.049239652726909264
0.04923893651377936
0.049238218740879844
0.04923749940821071
0.04923677851577196
0.04923605606356359
0.049235332051585604
0.049234606479838
0.049233879348320776
0.04923315065703394
0.04923242040597749
0.04923168859515141
0.04923095522455572
0.04923022029419041
0.049229483804055486
0.04922874575415095
0.04922800614447678
0.049227264975033005
0.049226522245819616
0.0492257779568366
0.049225032108083974
0.04922428469956173
0.04922353573126986
0.04922278520320838
0.04922203311537728
0.04922127946777657
0.04922052426040623
0.04921976749326628
0.049219009166356714
0.04921824927967753
0.049217487833228726
0.049216724827010304
0.04921596026102227
0.049215194135264616
0.04921442644973734
0.04921365720444045
0.04921288639937395
0.04921211403453782
0.049211340109932084
0.04921056462555672
0.04920978758141174
0.04920900897749715
0.04920822881381294
0.04920744709035911
0.04920666380713567
0.04920587896414261
0.04920509256137993
0.04920430459884763
0.04920351507654571
0.04920272399447418
0.04920193135263303
0.04920113715102226
0.04920034138964188
0.04919954406849188
0.04919874518757226
0.04919794474688302
0.04919714274642417
0.049196339186195696
0.04919553406619761
0.0491947273864299
0.049193919146892584
0.04919310934758564
0.04919229798850908
0.04919148506966291
0.04919067059104712
0.049189854552661706
0.04918903695450668
0.049188217796582036
0.04918739707888778
0.049186574801423896
0.0491857509641904
0.04918492556718729
0.049184098610414555
0.04918327009387221
0.049182440017560246
0.04918160838147866
0.04918077518562746
0.04917994043000664
0.04917910411461621
0.049178266239456155
0.04917742680452648
0.0491765858098272
0.04917574325535829
0.04917489914111977
0.049174053467111636
0.04917320623333388
0.049172357439786506
0.049171507086469515
0.049170655173382906
0.04916980170052668
0.04916894666790084
0.04916809007550538
0.0491672319233403
0.0491663722114056
0.04916551093970129
0.04916464810822736
0.049163783716983815
0.04916291776597065
0.04916205025518787
0.049161181184635465
0.04916031055431345
0.04915943836422182
0.049158564614360564
0.0491576893047297
0.04915681243532921
0.049155934006159106
0.04915505401721939
0.04915417246851005
0.0491532893600311
0.049152404691782524
0.04915151846376433
0.049150630675976525
0.0491497413284191
0.04914885042109206
0.0491479579539954
0.04914706392712912
0.04914616834049323
0.04914527119408772
0.04914437248791259
0.04914347222196785
0.049142570396253485
0.0491416670107695
0.0491407620655159
0.04913985556049269
0.04913894749569986
0.04913803787113741
0.04913712668680534
0.049136213942703656
0.049135299638832355
0.049134383775191436
0.0491334663517809
0.049132547368600746
0.04913162682565097
0.04913070472293158
0.04912978106044258
0.04912885583818395
0.04912792905615571
0.049127000714357855
0.04912607081279038
0.04912513935145329
0.04912420633034658
0.04912327174947025
0.04912233560882431
0.04912139790840874
0.049120458648223564
0.04911951782826877
0.04911857544854435
0.049117631509050325
0.04911668600978667
0.049115738950753406
0.04911479033195052
0.049113840153378024
0.0491128884150359
0.04911193511692417
0.049110980259042814
0.04911002384139185
0.049109065863971256
0.04910810632678105
0.04910714522982123
0.049106182573091794
0.049105218356592734
0.04910425258032406
0.04910328524428577
0.049102316348477865
0.049101345892900335
0.04910037387755319
0.04909940030243643
0.04909842516755005
0.04909744847289406
0.04909647021846845
0.04909549040427322
0.04909450903030837
0.0490935260965739
0.04909254160306982
0.04909155554979612
0.0490905679367528
0.04908957876393987
0.049088588031357315
0.049087595739005147
0.049086601886883366
0.04908560647499196
0.04908460950333094
0.0490836109719003
0.049082610880700046
0.04908160922973017
0.04908060601899068
0.049079601248481576
0.04907859491820285
0.049077587028154505
0.04907657757833655
0.04907556656874897
0.04907455399939178
0.049073539870264964
0.04907252418136854
0.04907150693270249
0.04907048812426683
0.049069467756061545
0.04906844582808664
0.04906742234034213
0.049066397292827996
0.04906537068554425
0.04906434251849088
0.049063312791667896
0.04906228150507529
0.04906124865871307
0.04906021425258124
0.04905917828667978
0.04905814076100871
0.049057101675568024
0.049056061030357714
0.04905501882537779
0.04905397506062825
0.04905292973610909
0.049051882851820314
0.04905083440776192
0.04904978440393391
0.049048732840336284
0.049047679716969037
0.04904662503383218
0.0490455687909257
0.0490445109882496
0.04904345162580388
0.049042390703588554
0.049041328221603606
0.04904026417984904
0.04903919857832485
0.049038131417031054
0.04903706269596764
0.0490359924151346
0.049034920574531946
0.04903384717415968
0.049032772214017785
0.04903169569410628
0.04903061761442516
0.04902953797497442
0.04902845677575406
0.04902737401676409
0.049026289698004495
0.04902520381947529
0.04902411638117646
0.049023027383108014
0.04902193682526995
0.04902084470766228
0.04901975103028498
0.04901865579313807
0.04901755899622154
0.04901646063953539
0.049015360723079625
0.04901425924685424
0.04901315621085924
0.04901205161509462
0.04901094545956039
0.04900983774425654
0.04900872846918307
0.04900761763433998
0.04900650523972728
0.04900539128534496
0.04900427577119302
0.04900315869727146
0.04900204006358029
0.049000919870119494
0.048999798116889086
0.048998674803889065
0.04899754993111942
0.04899642349858016
0.04899529550627128
0.048994165954192787
0.04899303484234468
0.04899190217072695
0.048990767939339604
0.04898963214818264
0.04898849479725605
0.04898735588655986
0.04898621541609404
0.048985073385858606
0.04898392979585356
0.048982784646078886
0.0489816379365346
0.0489804896672207
0.04897933983813718
0.04897818844928404
0.048977035500661285
0.04897588099226891
0.04897472492410693
0.048973567296175316
0.04897240810847409
0.04897124736100325
0.048970085053762796
0.048968921186752716
0.048967755759973024
0.04896658877342371
0.04896542022710479
0.04896425012101624
0.04896307845515808
0.0489619052295303
0.0489607304441329
0.048959554098965886
0.048958376194029256
0.048957196729323006
0.04895601570484714
0.04895483312060165
0.04895364897658655
0.04895246327280183
0.048951276009247494
0.048950087185923544
0.04894889680282997
0.04894770485996678
0.04894651135733398
0.048945316294931554
0.048944119672759516
0.04894292149081786
0.04894172174910658
0.04894052044762569
0.04893931758637518
0.048938113165355054
0.04893690718456531
0.048935699644005945
0.04893449054367697
0.04893327988357837
0.04893206766371016
0.048930853884072326
0.04892963854466488
0.04892842164548781
0.048927203186541125
0.04892598316782483
0.04892476158933891
0.048923538451083375
0.04892231375305822
0.04892108749526345
0.04891985967769907
0.048918630300365064
0.04891739936326144
0.0489161668663882
0.04891493280974534
0.04891369719333287
0.04891246001715078
0.04891122128119907
0.04890998098547775
0.0489087391299868
0.04890749571472624
0.04890625073969607
0.04890500420489627
0.04890375611032686
0.04890250645598783
0.04890125524187918
0.048900002468000914
0.048898748134353034
0.048897492240935536
0.04889623478774842
0.04889497577479168
0.048893715202065334
0.04889245306956937
0.04889118937730378
0.048889924125268575
0.04888865731346376
0.04888738894188931
0.04888611901054526
0.04888484751943159
0.048883574468548296
0.04888229985789539
0.048881023687472866
0.04887974595728072
0.048878466667318966
0.04887718581758759
0.0488759034080866
0.048874619438815985
0.04887333390977575
0.04887204682096591
0.048870758172386446
0.048869467964037364
0.04886817619591867
0.04886688286803035
0.04886558798037242
0.048864291532944866
0.0488629935257477
0.048861693958780913
0.04886039283204451
0.04885909014553849
0.04885778589926286
0.0488564800932176
0.04885517272740273
0.04885386380181824
0.04885255331646414
0.04885124127134041
0.04884992766644707
0.048848612501784114
0.04884729577735154
0.048845977493149347
0.04884465764917754
0.04884333624543611
0.04884201328192506
0.048840688758644404
0.048839362675594127
0.04883803503277423
0.048836705830184714
0.04883537506782558
0.04883404274569683
0.048832708863798466
0.04883137342213048
0.048830036420692884
0.04882869785948567
0.048827357738508825
0.04882601605776238
0.048824672817246305
0.04882332801696062
0.048821981656905315
0.04882063373708039
0.04881928425748585
0.048817933218121695
0.04881658061898792
0.04881522646008453
0.04881387074141152
0.048812513462968894
0.04881115462475665
0.04880979422677479
0.04880843226902331
0.04880706875150222
0.048805703674211505
0.048804337037151174
0.048802968840321224
0.04880159908372166
0.048800227767352475
0.048798854891213675
0.04879748045530526
0.048796104459627225
0.048794726904179575
0.048793347788962306
0.04879196711397542
0.04879058487921892
0.04878920108469279
0.048787815730397054
0.0487864288163317
0.04878504034249673
0.04878365030889214
0.04878225871551793
0.048780865562374105
0.04877947084946066
0.0487780745767776
0.048776676744324926
0.04877527735210263
0.048773876400110716
0.04877247388834919
0.048771069816818044
0.04876966418551728
0.048768256994446896
0.0487668482436069
0.048765437932997285
0.04876402606261805
0.0487626126324692
0.048761197642550734
0.04875978109286265
0.04875836298340495
0.048756943314177625
0.04875552208518069
0.04875409929641413
0.04875267494787796
0.048751249039572175
0.048749821571496765
0.04874839254365174
0.0487469619560371
0.04874552980865284
0.04874409610149897
0.04874266083457547
0.04874122400788236
0.04873978562141964
0.04873834567518729
0.04873690416918533
0.04873546110341375
0.04873401647787255
0.048732570292561735
0.048731122547481305
0.048729673242631256
0.04872822237801159
0.0487267699536223
0.048725315969463404
0.048723860425534886
0.04872240332183675
0.04872094465836899
0.048719484435131626
0.04871802265212464
0.04871655930934803
0.04871509440680181
0.04871362794448597
0.04871215992240051
0.04871069034054544
0.048709219198920746
0.04870774649752643
0.04870627223636251
0.048704796415428964
0.0487033190347258
0.048701840094253025
0.04870035959401063
0.04869887753399862
0.048697393914216985
0.048695908734665734
0.04869442199534487
0.04869293369625439
0.04869144383739429
0.04868995241876457
0.048688459440365234
0.04868696490219628
0.04868546880425771
0.04868397114654953
0.04868247192907172
0.0486809711518243
0.04867946881480727
0.04867796491802061
0.04867645946146433
0.04867495244513844
0.04867344386904293
0.04867193373317781
0.048670422037543064
0.048668908782138705
0.04866739396696473
0.04866587759202114
0.04866435965730792
0.04866284016282509
0.048661319108572645
0.04865979649455058
0.0486582723207589
0.048656746587197604
0.04865521929386669
0.04865369044076615
0.048652160027896
0.04865062805525623
0.048649094522846846
0.04864755943066784
0.048646022778719225
0.04864448456700098
0.04864294479551313
0.04864140346425566
0.04863986057322857
0.048638316122431864
0.04863677011186554
0.0486352225415296
0.048633673411424036
0.04863212272154886
0.04863057047190407
0.04862901666248966
0.04862746129330563
0.048625904364351984
0.04862434587562872
0.04862278582713584
0.04862122421887334
0.04861966105084123
0.0486180963230395
0.04861653003546815
0.04861496218812718
0.04861339278101659
0.04861182181413639
0.04861024928748657
0.04860867520106713
0.04860709955487808
0.04860552234891941
0.048603943583191124
0.04860236325769322
0.04860078137242569
0.04859919792738855
0.048597612922581794
0.04859602635800542
0.04859443823365943
0.04859284854954382
0.04859125730565859
0.04858966450200375
0.048588070138579284
0.04858647421538521
0.04858487673242151
0.0485832776896882
0.04858167708718526
0.04858007492491272
0.04857847120287055
0.04857686592105877
0.048575259079477365
0.04857365067812635
0.048572040717005716
0.04857042919611546
0.04856881611545559
0.048567201475026106
0.048565585274826996
0.048563967514858274
0.04856234819511994
0.04856072731561198
0.04855910487633441
0.048557480877287215
0.048555855318470405
0.04855422819988398
0.04855259952152794
0.04855096928340228
0.048549337485507
0.0485477041278421
0.04854606921040759
0.04854443273320346
0.04854279469622971
0.04854115509948635
0.048539513942973365
0.04853787122669077
0.04853622695063855
0.04853458111481672
0.04853293371922526
0.048531284763864195
0.048529634248733515
0.04852798217383321
0.04852632853916329
0.04852467334472375
0.0485230165905146
0.04852135827653582
0.04851969840278743
0.04851803696926942
0.0485163739759818
0.04851470942292456
0.048513043310097696
0.04851137563750122
0.048509706405135126
0.04850803561299941
0.04850636326109409
0.04850468934941914
0.048503004600940695
0.04850131751246613
0.04849963053266774
0.04849794366154554
0.04849625689909954
0.048494570245329716
0.04849288370023609
0.04849119726381865
0.048489510936077396
0.04848782471701234
0.04848613860662346
0.04848445260491078
0.04848276671187428
0.04848108092751397
0.04847939525182985
0.04847770968482192
0.04847602422649018
0.04847433887683463
0.04847265363585527
0.04847096850355209
0.04846928347992511
0.04846759856497431
0.04846591375869971
0.04846422906110129
0.048462544472179056
0.04846085999193302
0.048459175620363164
0.0484574913574695
0.04845580720325202
0.04845412315771074
0.04845243922084564
0.04845075539265673
0.048449071673144016
0.048447388062307487
0.04844570456014714
0.04844402116666299
0.04844233788185503
0.04844065470572326
0.048438971638267665
0.04843728867948827
0.04843560582938506
0.04843392308795804
0.048432240455207214
0.04843055793113257
0.04842887551573412
0.04842719320901186
0.04842551101096578
0.04842382892159589
0.048422146940902196
0.048420465068884685
0.04841878330554337
0.04841710165087824
0.0484154201048893
0.04841373866757654
0.04841205733893998
0.0484103761189796
0.048408695007695415
0.04840701400508742
0.048405333111155614
0.04840365232589999
0.04840197164932056
0.048400291081417315
0.048398610622190266
0.0483969302716394
0.048395250029764726
0.04839356989656624
0.04839188987204394
0.04839020995619783
0.048388530149027914
0.04838685045053418
0.048385170860716635
0.04838349137957528
0.04838181200711012
0.04838013274332115
0.04837845358820836
0.04837677454177176
0.04837509560401135
0.04837341677492713
0.048371738054519095
0.04837005944278726
0.0483683809397316
0.048366702545352136
0.048365024259648864
0.04836334608262177
0.04836166801427087
0.048359990054596166
0.048358312203597646
0.04835663446127531
0.04835495682762917
0.048353279302659216
0.048351601886365454
0.04834992457874788
0.04834824737980649
0.04834657028954129
0.04834489330795228
0.04834321643503946
0.048341539670802826
0.04833986301524238
0.04833818646835813
0.04833651003015006
0.04833483370061819
0.0483331574797625
0.048331481367583
0.04832980536407969
0.04832812946925257
0.048326453683101636
0.048324778005626894
0.04832310243682834
0.048321426976705974
0.048319751625259796
0.048318076382489805
0.04831640124839601
0.0483147262229784
0.048313051306236976
0.04831137649817174
0.0483097017987827
0.04830802720806985
0.04830635272603318
0.0483046783526727
0.04830300408798841
0.048301329931980316
0.04829965588464841
0.048297981945992684
0.048296308116013154
0.04829463439470981
0.04829296078208265
0.04829128727813169
0.04828961388285691
0.04828794059625832
0.04828626741833592
0.04828459434908971
0.04828292138851969
0.048281248536625854
0.04827957579340821
0.04827790315886676
0.04827623063300149
0.04827455821581241
0.04827288590729952
0.04827121370746282
0.04826954161630231
0.04826786963381799
0.04826619776000986
0.04826452599487791
0.04826285433842215
0.048261182790642586
0.04825951135153921
0.04825784002111202
0.04825616879936102
0.04825449768628621
0.04825282668188759
0.04825115578616515
0.04824948499911891
0.04824781432074885
0.04824614375105499
0.04824447329003731
0.04824280293769582
0.04824113269403052
0.04823946255904141
0.04823779253272848
0.04823612261509175
0.0482344528061312
0.048232783105846846
0.04823111351423868
0.048229444031306704
0.048227774657050915
0.04822610539147131
0.048224436234567895
0.04822276718634068
0.04822109824678964
0.0482194294159148
0.04821776069371614
0.04821609208019367
0.048214423575347394
0.0482127551791773
0.0482110868916834
0.04820941871286569
0.048207750642724166
0.04820608268125883
0.04820441482846969
0.04820274708435673
0.048201079448919965
0.04819941192215938
0.04819774450407499
0.04819607719466679
0.04819440999393478
0.04819274290187896
0.04819107591849932
0.04818940904379587
0.04818774227776862
0.04818607562041755
0.04818440907174267
0.04818274263174398
0.048181076300421476
0.04817941007777517
0.048177743963805045
0.04817607795851111
0.04817441206189336
0.0481727462739518
0.04817108059468644
0.04816941502409725
0.04816774956218427
0.04816608420894746
0.04816441896438685
0.04816275382850242
0.04816108880129419
0.04815942388276214
0.04815775907290629
0.04815609437172662
0.048154429779223136
0.04815276529539585
0.048151100920244744
0.048149436653769834
0.04814777249597111
0.04814610844684857
0.04814444450640223
0.04814278067463207
0.048141116951538096
0.048139453337120316
0.04813778983137872
0.04813612643431332
0.04813446314592411
0.04813279996621109
0.04813113689517425
0.0481294739328136
0.04812781107912915
0.04812614833412088
0.048124485697788794
0.0481228231701329
0.0481211607511532
0.04811949844084969
0.04811783623922236
0.04811617414627123
0.048114512161996276
0.04811285028639752
0.04811118851947495
0.04810952686122857
0.04810786531165838
0.04810620387076438
0.04810454253854656
0.04810288131500494
0.0481012202001395
0.04809955919395025
0.048097898296437194
0.04809623750760032
0.048094576827439645
0.04809291625595515
0.048091255793146846
0.04808959543901473
0.048087935193558806
0.04808627505677907
0.048084615028675524
0.04808295510924816
0.048081295298496994
0.04807963559642201
0.04807797600302322
0.04807631651830062
0.0480746571422542
0.04807299787488398
0.04807133871618994
0.048069679666172094
0.048068020724830435
0.04806636189216496
0.04806470316817568
0.04806304455286259
0.04806138604622568
0.048059727648264966
0.048058069358980444
0.0480564111783721
0.04805475310643996
0.048053095143183996
0.048051437288604226
0.04804977954270064
0.04804812190547325
0.048046464376922046
0.048044806957047034
0.04804314964584821
0.04804149244332557
0.04803983534947912
0.04803817836430886
0.04803652148781479
0.048034864719996906
0.04803320806085522
0.04803155151038971
0.04802989506860039
0.04802823873548727
0.04802658251105033
0.04802492639528958
0.048023270388205024
0.04802161448979665
0.048019958700064466
0.048018303019008474
0.04801664744662867
0.048014991982925054
0.048013336627897626
0.04801168138154639
0.04801002624387134
0.04800837121487248
0.048006716294549806
0.04800506148290332
0.04800340677993303
0.04800175218563893
0.04800009770002101
0.04799844332307929
0.04799678905481375
0.047995134895224396
0.04799348084431124
0.047991826902074264
0.047990173068513484
0.04798851934362889
0.04798686572742048
0.04798521221988827
0.04798355882103224
0.0479819055308524
0.04798025234934875
0.04797859927652129
0.04797694631237002
0.047975293456894934
0.04797364071009604
0.04797198807197334
0.04797033554252682
0.04796868312175649
0.04796703080966235
0.0479653786062444
0.04796372651150264
0.04796207452543707
0.04796042264804769
0.04795877087933449
0.04795711921929748
0.047955467667936666
0.04795381622525204
0.0479521648912436
0.04795051366591135
0.04794886254925529
0.04794721154127542
0.04794556064197173
0.04794390985134424
0.04794225916939293
0.04794060859611782
0.04793895813151888
0.04793730777559615
0.04793565752834959
0.04793400738977924
0.04793235735988506
0.04793070743866708
0.04792905762612528
0.04792740792225968
0.04792575832707026
0.047924108840557034
0.04792245946271999
0.04792081019355914
0.047919161033074475
0.047917511981266
0.04791586303813372
0.04791421420367763
0.04791256547789772
0.047910916860794
0.047909268352366474
0.04790761995261513
0.04790597166153998
0.04790432347914102
0.047902675405418246
0.04790102744037166
0.04789937958400126
0.04789773183630706
0.04789608419728904
0.04789443666694721
0.04789278924528157
0.04789114193229212
0.047889494727978855
0.04788784763234178
0.0478862006453809
0.0478845537670962
0.04788290699748769
0.047881260336555376
0.047879613784299245
0.04787796734071931
0.047876321005815556
0.04787467477958799
0.04787302866203662
0.04787138265316143
0.04786973675296244
0.04786809096143963
0.04786644527859301
0.04786479970442258
0.04786315423892834
0.04786150888211029
0.04785986363396843
0.04785821849450275
0.04785657346371327
0.04785492854159997
0.04785328372816286
0.04785163902340194
0.047849994427317216
0.04784834993990867
0.047846705561176324
0.04784506129112016
0.04784341712974018
0.047841773077036395
0.0478401291330088
0.04783848529765739
0.047836841570982176
0.04783519795298315
0.0478335544436603
0.04783191104301365
0.04783026775104319
0.04782862456774891
0.047826981493130825
0.047825338527188926
0.04782369566992322
0.0478220529213337
0.047820410281420374
0.047818767750183226
0.04781712532762228
0.04781548301373751
0.047813840808528935
0.04781219871199655
0.047810556724140356
0.047808914844960346
0.04780727307445653
0.0478056314126289
0.04780398985947745
0.0478023484150022
0.047800707079203135
0.04779906585208026
0.047797424733633576
0.047795783723863075
0.04779414282276877
0.047792502030350646
0.04779086134660872
0.047789220771542976
0.04778758030515342
0.047785939947440056
0.04778429969840288
0.047782659558041896
0.0477810195263571
0.047779379603348486
0.04777773978901607
0.047776100083359835
0.047774460486379795
0.04777282099807594
0.047771181618448275
0.0477695423474968
0.04776790318522151
0.04776626413162242
0.04776462518669951
0.047762986350452785
0.047761347622882255
0.04775970900398791
0.047758070493769754
0.04775643209222779
0.04775479379936202
0.047753155615172425
0.04775151753965903
0.04774987957282182
0.0477482417146608
0.047746603965175966
0.047744966324367324
0.04774332879223487
0.04774169136877861
0.04774005405399853
0.04773841684789464
0.047736779750466946
0.047735142761715435
0.04773350588164011
0.04773186911024098
0.047730232447518034
0.04772859589347128
0.047726959448100716
0.04772532311140634
0.04772368688338815
0.047722050764046155
0.04772041475338034
0.04771877885139072
0.04771714305807729
0.04771550737344005
0.04771387179747899
0.04771223633019413
0.04771060097158545
0.04770896572165296
0.04770733058039666
0.04770569554781655
0.04770406062391263
0.047702425808684897
0.04770079110213335
0.047699156504257996
0.04769752201505883
0.047695887634535854
0.047694253362689065
0.04769261919951846
0.047690985145024054
0.04768935119920583
0.0476877173620638
0.047686083633597956
0.0476844500138083
0.04768281650269483
0.047681183100257554
0.04767954980649647
0.04767791662141157
0.047676283545002855
0.047674650577270335
0.047673017718214
0.04767138496783386
0.047669752326129904
0.047668119793102134
0.04766648736875056
0.04766485505307517
0.04766322284607597
0.04766159074775296
0.047659958758106136
0.047658326877135504
0.04765669510484106
0.0476550634412228
0.04765343188628073
0.04765180044001486
0.047650169102425165
0.047648537873511664
0.047646906753274355
0.04764527574171323
0.0476436448388283
0.047642014044619554
0.047640383359087
0.04763875278223063
0.04763712231405045
0.047635491954546465
0.04763386170371866
0.04763223156156705
0.04763060152809163
0.047628971603292394
0.04762734178716935
0.04762571207972249
0.047624082480951825
0.04762245299085734
0.047620823609439054
0.04761919433669695
0.04761756517263104
0.04761593611724132
0.04761430717052779
0.047612678332490437
0.047611049603129285
0.04760942098244431
0.047607792470435534
0.04760616406710295
0.04760453577244655
0.047602907586466334
0.047601279509162306
0.04759965154053447
0.04759802368058283
0.047596395929307374
0.047594768286708104
0.04759314075278502
0.04759151332753813
0.04758988601096743
0.04758825880307292
0.0475866317038546
0.04758500471331246
0.04758337783144651
0.04758175105825676
0.04758012439374319
0.04757849783790581
0.04757687139074462
0.047575245052259615
0.04757361882245081
0.04757199270131818
0.04757036668886175
0.0475687407850815
0.04756711498997744
0.04756548930354957
0.04756386372579789
0.0475622382567224
0.0475606128963231
0.04755898764459999
0.04755736250155306
0.04755573746718233
0.04755411254148778
0.04755248772446942
0.04755086301612725
0.047549238416461276
0.04754761392547148
0.04754598954315788
0.04754436526952047
0.04754274110455924
0.047541117048274205
0.04753949310066536
0.0475378692617327
0.04753624553147623
0.04753462190989595
0.04753299839699186
0.047531374992763956
0.04752975169721224
0.04752812851033672
0.047526505432137385
0.047524882462614236
0.04752325960176728
0.04752163684959651
0.047520014206101927
0.047518391671283536
0.04751676924514133
0.04751514692767532
0.047513524718885494
0.047511902618771855
0.04751028062733441
0.04750865874457315
0.04750703697048808
0.0475054153050792
0.047503793748346505
0.04750217230029
0.04750055096090969
0.047498929730205565
0.04749730860817763
0.04749568759482588
0.04749406669015032
0.04749244589415095
0.04749082520682777
0.04748920462818078
0.04748758415820997
0.04748596379691536
0.04748434354429693
0.0474827234003547
0.04748110336508865
0.04747948343849879
0.04747786362058512
0.04747624391134764
0.04747462431078635
0.047473004818901245
0.04747138543569233
0.0474697661611596
0.047468146995303065
0.04746652793812271
0.047464908989618554
0.04746329014979059
0.0474616714186388
0.047460052796163214
0.04745843428236381
0.04745681587724059
0.047455197580793564
0.04745357939302273
0.04745196131392808
0.04745034334350962
0.04744872548176735
0.04744710772870127
0.04744549008431138
0.04744387254859767
0.04744225512156015
0.04744063780319883
0.04743902059351369
0.04743740349250474
0.04743578650017198
0.047434169616515406
0.047432552841535025
0.04743093617523084
0.04742931961760283
0.04742770316865101
0.04742608682837539
0.04742447059677595
0.0474228544738527
0.04742123845960564
0.04741962255403477
0.047418006757140085
0.04741639106892159
0.047414775489379286
0.04741316001851317
0.047411544656323246
0.047409929402809504
0.047408314257971956
0.047406699221810594
0.047405084294325425
0.04740346947551644
0.047401854765383646
0.04740024016392704
0.047398625671146624
0.0473970112870424
0.04739539701161436
0.04739378284486251
0.04739216878678685
0.047390554837387376
0.047388940996664096
0.047387327264617
0.047385713641246094
0.04738410012655138
0.04738248672053285
0.047380873423190514
0.04737926023452436
0.0473776471545344
0.04737603418322063
0.047374421320583046
0.04737280856662165
0.04737119592133644
0.04736958338472742
0.0473679709567946
0.04736635863753796
0.04736474642695751
0.04736313432505325
0.047361522331825175
0.04735991044727329
0.0473582986713976
0.04735668700419809
0.04735507544567477
0.04735346399582765
0.047351852654656704
0.04735024142216195
0.047348630298343394
0.04734701928320102
0.047345408376734836
0.04734379757894484
0.04734218688983104
0.047340576309393416
0.04733896583763199
0.04733735547454675
0.0473357452201377
0.047334135074404836
0.047332525037348167
0.047330915108967676
0.047329305289263386
0.047327695578235275
0.04732608597588336
0.04732447648220763
0.04732286709720809
0.04732125782088474
0.047319648653237574
0.0473180395942666
0.04731643064397182
0.047314821802353225
0.04731321306941082
0.0473116044451446
0.04730999592955457
0.04730838752264073
0.04730677922440308
0.047305171034841616
0.047303562953956345
0.04730195498174726
0.04730034711821436
0.047298739363357656
0.047297131717177136
0.0472955241796728
0.04729391675084466
0.047292309430692715
0.047290702219216954
0.04728909511641738
0.04728748812229399
0.047285881236846794
0.04728427446007579
0.04728266779198097
0.04728106123256234
0.0472794547818199
0.04727784843975365
0.04727624220636358
0.04727463608164971
0.04727303006561202
0.04727142415825053
0.04726981835956522
0.0472682126695561
0.047266607088223174
0.04726500161556643
0.047263396251585876
0.047261790996281514
0.04726018584965334
0.04725858081170135
0.047256975882425556
0.04725537106182595
0.04725376634990253
0.0472521617466553
0.04725055725208426
0.04724895286618941
0.04724734858897074
0.04724574442042827
0.04724414036056198
0.047242536409371885
0.04724093256685798
0.047239328833020254
0.047237725207858725
0.04723612169137338
0.04723451828356423
0.047232914984431267
0.047231311793974495
0.0472297087121939
0.04722810573908951
0.0472265028746613
0.04722490011890928
0.04722329747183345
0.04722169493343381
0.047220092503710356
0.04721849018266309
0.04721688797029201
0.04721528586659713
0.04721368387157843
0.047212081985235924
0.0472104802075696
0.04720887853857947
0.04720727697826553
0.04720567552662777
0.04720407418366621
0.04720247294938083
0.047200871823771647
0.04719927080683865
0.04719766989858184
0.04719606909900122
0.04719446840809679
0.04719286782586855
0.04719126735231649
0.04718966698744063
0.04718806673124095
0.04718646658371747
0.04718486654487017
0.04718326661469906
0.04718166679320414
0.047180067080385406
0.04717846747624286
0.047176867980776506
0.047175268593986346
0.047173669315872364
0.047172070146434576
0.04717047108567298
0.04716887213358757
0.04716727329017835
0.04716567455544532
0.047164075929388476
0.04716247741200782
0.04716087900330335
0.047159280703275075
0.04715768251192299
0.04715608442924709
0.047154486455247384
0.047152888589923864
0.04715129083327653
0.04714969318530539
0.047148095646010434
0.047146498215391665
0.04714490089344909
0.0471433036801827
0.0471417065755925
0.04714010957967849
0.04713851269244067
0.047136915913879036
0.04713531924399359
0.04713372268278434
0.04713212623025127
0.04713052988639439
0.047128933651213706
0.047127337524709205
0.0471257415068809
0.047124145597728775
0.04712254979725284
0.0471209541054531
0.04711935852232954
0.04711776304788218
0.047116167682111
0.04711457242501601
0.04711297727659721
0.0471113822368546
0.04710978730578818
0.04710819248339795
0.0471065977696839
0.047105003164646046
0.04710340866828438
0.047101814280598904
0.047100220001589616
0.04709862583125651
0.047097031769599604
0.04709543781661888
0.04709384397231434
0.047092250236686
0.04709065660973385
0.047089063091457876
0.0470874696818581
0.04708587638093451
0.04708428318868711
0.0470826901051159
0.04708109713022088
0.047079504264002044
0.047077911506459395
0.04707631885759294
0.04707472631740268
0.047073133885888595
0.047071541563050705
0.04706994934888901
0.0470683572434035
0.04706676524659417
0.04706517335846104
0.047063581579004095
0.047061989908223335
0.04706039834611877
0.04705880689269039
0.0470572155479382
0.0470556243118622
0.04705403318446239
0.04705244216573876
0.047050851255691334
0.047049260454320084
0.04704766976162503
0.047046079177606163
0.047044488702263486
0.047042898335596994
0.04704130807760669
0.047039717928292576
0.04703812788765466
0.047036537955692924
0.04703494813240738
0.047033358417798016
0.04703176881186485
0.04703017931460787
0.047028589926027084
0.04702700064612248
0.047025411474894065
0.04702382241234184
0.04702223345846581
0.047020644613265966
0.04701905587674231
0.047017467248894836
0.047015878729723556
0.04701429031922847
0.04701270201740956
0.04701111382426685
0.04700952573980033
0.047007937764009994
0.047006349896895845
0.04700476213845789
0.04700317448869612
0.047001586947610544
0.04699999951520115
0.04699841219146795
0.04699682497641094
0.04699523787003011
0.046993650872325474
0.04699206398329703
0.046990477202944775
0.0469888905312687
0.04698730396826882
0.04698571751394513
0.04698413116829763
0.046982544931326316
0.04698095880303119
0.04697937278341226
0.04697778687246951
0.04697620107020295
0.04697461537661258
0.0469730297916984
0.04697144431546041
0.04696985894789861
0.04696827368901299
0.04696668853880357
0.04696510349727033
0.04696351856441328
0.04696193374023243
0.04696034902472776
0.04695876441789928
0.04695717991974699
0.046955595530270886
0.04695401124947097
0.046952427077347245
0.04695084301389971
0.04694925905912836
0.0469476752130332
0.04694609147561423
0.04694450784687145
0.04694292432680486
0.04694134091541446
0.04693975761270024
0.046938174418662215
0.04693659133330038
0.04693500835661473
0.046933425488605275
0.046931842729272005
0.04693026007861492
0.04692867753663403
0.046927095103329326
0.04692551277870081
0.04692393056274848
0.04692234845547235
0.046920766456872404
0.046919184566948643
0.04691760278570107
0.04691602111312969
0.04691443954923449
0.04691285809401549
0.046911276747472676
0.04690969550960605
0.046908114380415616
0.046906533359901366
0.04690495244806331
0.04690337164490144
0.04690179095041575
0.04690021036460626
0.04689862988747296
0.04689704951901584
0.04689546925923491
0.04689388910813018
0.04689230906570163
0.04689072913194927
0.0468891493068731
0.04688756959047312
0.04688598998274932
0.04688441048370172
0.0468828310933303
0.04688125181163508
0.04687967263861604
0.046878093574273194
0.04687651461860653
0.04687493577161606
0.046873357033301775
0.04687177840366368
0.04687019988270178
0.046868621470416066
0.04686704316680654
0.046865464971873196
0.04686388688561605
0.04686230890803509
0.04686073103913032
0.046859153278901736
0.046857575627349345
0.04685599808447314
0.04685442065027312
0.046852843324749295
0.046851266107901655
0.04684968899973021
0.04684811200023495
0.046846535109415874
0.04684495832727299
0.0468433816538063
0.046841805089015795
0.04684022863290147
0.04683865228546335
0.04683707604670141
0.04683549991661566
0.046833923895206096
0.046832347982472725
0.046830772178415546
0.046829196483034546
0.04682762089632974
0.04682604541830113
0.0468244700489487
0.04682289478827246
0.04682131963627241
0.04681974459294855
0.04681816965830088
0.046816594832329396
0.0468150201150341
0.046813445506414995
0.04681187100647208
0.046810296615205346
0.04680872233261481
0.046807148158700455
0.046805574093462296
0.04680400013690032
0.04680242628901454
0.04680085254980494
0.04679927891927154
0.04679770539741432
0.04679616754901207
0.046794654099453506
0.046793142079824386
0.046791631490124705
0.04679012233035446
0.04678861460051367
0.04678710830060232
0.046785603430620416
0.04678409999056795
0.04678259798044493
0.046781097400251354
0.04677959824998722
0.046778100529652526
0.046776604239247274
0.046775109378771475
0.046773615948225114
0.04677212394760819
0.04677063337692072
0.04676914423616269
0.0467676565253341
0.046766170244434954
0.046764685393465254
0.046763201972425
0.04676171998131418
0.04676023942013281
0.04675876028888088
0.046757282587558395
0.046755806316165355
0.04675433147470176
0.046752858063167604
0.046751386081562894
0.04674991552988762
0.0467484464081418
0.04674697871632542
0.046745512454438476
0.04674404762248098
0.04674258422045293
0.04674112224835432
0.046739661706185154
0.046738202593945434
0.04673674491163515
0.04673528865925432
0.04673383383680293
0.04673238044428098
0.04673092848168847
0.04672947794902541
0.04672802884629179
0.046726581173487616
0.04672513493061289
0.046723690117667596
0.04672224673465175
0.046720804781565345
0.046719364258408384
0.04671792516518087
0.0467164875018828
0.04671505126851417
0.046713616465074985
0.04671218309156524
0.04671075114798494
0.046709320634334084
0.046707891550612675
0.046706463896820705
0.04670503767295817
0.046703612879025094
0.046702189515021454
0.04670076758094726
0.046699347076802504
0.046697928002587194
0.04669651035830133
0.046695094143944904
0.046693679359517924
0.04669226600502039
0.046690854080452295
0.046689443585813645
0.046688034521104434
0.046686626886324675
0.046685220681474356
0.046683815906553475
0.046682412561562046
0.04668101064650005
0.046679610161367506
0.0466782111061644
0.04667681348089074
0.04667541728554653
0.04667402252013175
0.046672629184646416
0.04667123727909053
0.04666984680346409
0.04666845775776709
0.04666707014199953
0.04666568395616141
0.046664299200252744
0.04666291587427352
0.046661533978223736
0.04666015351210339
0.0466587744759125
0.04665739686965104
0.04665602069331903
0.04665464594691646
0.04665327263044334
0.04665190074389966
0.04665053028728542
0.046649161260600626
0.04664779366384527
0.04664642749701937
0.0466450627601229
0.04664369945315588
0.0466423375761183
0.046640977129010164
0.046639618111831475
0.046638260524582226
0.04663690436726242
0.046635549639872056
0.046634196342411144
0.04663284447487966
0.046631494037277635
0.046630145029605045
0.0466287974518619
0.0466274513040482
0.04662610658616394
0.046624763298209124
0.046623421440183756
0.046622081012087827
0.046620742013921336
0.0466194044456843
0.0466180683073767
0.04661673359899854
0.04661540032054983
0.04661406847203056
0.04661273805344073
0.046611409064780354
0.046610081506049415
0.046608755377247915
0.04660743067837587
0.04660610740943326
0.04660478557042009
0.046603465161336365
0.046602146182182086
0.04660082863295725
0.04659951251366186
0.04659819782429591
0.0465968845648594
0.04659557273535234
0.046594262335774725
0.046592953366126545
0.04659164582640781
0.04659033971661852
0.04658903503675867
0.046587731786828276
0.04658642996682731
0.0465851295767558
0.046583830616613725
0.0465825330864011
0.04658123698611791
0.046579942315764164
0.046578649075339866
0.04657735726484501
0.04657606688427959
0.046574777933643625
0.046573490412937096
0.04657220432216001
0.046570919661312375
0.046569636430394176
0.04656835462940542
0.04656707425834611
0.046565795317216246
0.04656451780601582
0.04656324172474484
0.0465619670734033
0.04656069385199121
0.04655942206050856
0.04655815169895535
0.04655688276733159
0.046555615265637264
0.046554349193872385
0.04655308455203695
0.046551821340130965
0.04655055955815442
0.046549299206107314
0.04654804028398965
0.04654678279180143
0.04654552672954266
0.046544272097213325
0.04654301889481344
0.046541767122342995
0.04654051677980199
0.04653926786719043
0.04653802038450832
0.04653677433175565
0.04653552970893242
0.046534286516038637
0.04653304475307429
0.046531804420039395
0.04653056551693394
0.04652932804375793
0.04652809200051136
0.04652685738719424
0.046525624203806557
0.04652439245034832
0.04652316212681952
0.04652193323322017
0.04652070576955026
0.0465194797358098
0.046518255131998774
0.0465170319581172
0.04651581021416506
0.046514589900142365
0.04651337101604912
0.04651215356188532
0.046510937537650954
0.04650972294334603
0.04650850977897056
0.046507298044524525
0.04650608774000794
0.04650487886542079
0.04650367142076309
0.04650246540603483
0.04650126082123601
0.04650005766636664
0.04649885594142671
0.046497655646416225
0.04649645678133518
0.04649525934618358
0.04649406334096143
0.046492868765668716
0.04649167562030544
0.046490483904871614
0.04648929361936723
0.046488104763792296
0.0464869173381468
0.046485731342430746
0.04648454677664413
0.04648336364078697
0.04648218193485924
0.04648100165886097
0.04647982281279213
0.04647864539665274
0.046477469410442784
0.04647629485416228
0.046475121727811215
0.0464739500313896
0.04647277976489742
0.04647161092833468
0.0464704435217014
0.04646927754499755
0.04646811299822314
0.046466949881378186
0.04646578819446267
0.04646462793747659
0.046463469110419965
0.04646231171329278
0.04646115574609503
0.046460001208826734
0.04645884810148788
0.04645769642407846
0.04645654617659849
0.04645539735904796
0.04645424997142688
0.04645310401373524
0.04645195948597304
0.04645081638814028
0.04644967472023698
0.046448534482263104
0.04644739567421868
0.0464462582961037
0.046445122347918165
0.04644398782966207
0.046442854741335415
0.04644172308293821
0.04644059285447045
0.04643946405593213
0.046438336687323244
0.04643721074864381
0.04643608623989382
0.04643496316107327
0.04643384151218217
0.04643272129322051
0.046431602504188284
0.046430485145085514
0.04642936921591218
0.04642825471666829
0.04642714164735385
0.04642603000796885
0.046424919798513285
0.04642381101898717
0.0464227036693905
0.04642159774972327
0.046420493259985485
0.046419390200177144
0.04641828857029824
0.04641718837034879
0.04641608960032877
0.04641499226023821
0.04641389635007708
0.0464128018698454
0.04641170881954316
0.04641061719917036
0.04640952700872701
0.046408438248213106
0.04640735091762864
0.04640626501697361
0.04640518054624804
0.0464040975054519
0.04640301589458521
0.04640193571364796
0.04640085696264015
0.04639977964156179
0.04639870375041287
0.046397629289193394
0.046396556257903364
0.04639548465654277
0.046394414485111626
0.04639334574360992
0.046392278432037665
0.04639121255039485
0.04639014809868147
0.04638908507689754
0.046388023485043055
0.046386963323118015
0.046385904591122414
0.04638484728905626
0.04638379141691954
0.04638273697471227
0.046381683962434445
0.046380632380086065
0.046379582227667124
0.04637853350517763
0.04637748621261757
0.04637644034998696
0.046375395917285796
0.04637435291451407
0.04637331134167179
0.04637227119875895
0.04637123248577556
0.046370195202721606
0.0463691593495971
0.046368124926402035
0.046367091933136415
0.04636606036980024
0.046365030236393504
0.04636400153291621
0.04636297425936837
0.04636194841574996
0.046360924002061
0.04635990101830149
0.04635887946447141
0.04635785934057078
0.04635684064659959
0.046355823382557844
0.046354807548445544
0.04635379314426269
0.046352780170009274
0.046351768625685304
0.04635075851129077
0.04634974982682569
0.04634874257229005
0.04634773674768385
0.0463467323530071
0.04634572938825978
0.04634472785344192
0.04634372774855349
0.04634272907359451
0.04634173182856497
0.046340736013464875
0.046339741628294226
0.046338748673053015
0.04633775714774125
0.04633676705235893
0.04633577838690605
0.046334791151382615
0.046333805345788626
0.046332820970124075
0.04633183802438897
0.046330856508583304
0.04632987642270709
0.04632889776676031
0.04632792054074298
0.04632694474465509
0.046325970378496645
0.046324997442267646
0.046324025935968086
0.04632305585959797
0.046322087213157295
0.046321119996646065
0.04632015421006428
0.046319189853411935
0.046318226926689035
0.04631726542989558
0.04631630536303157
0.046315346726097
0.04631438951909187
0.04631343374201619
0.04631247939486995
0.04631152647765316
0.0463105749903658
0.046309624933007894
0.04630867630557943
0.046307729108080405
0.046306783340510825
0.046305839002870684
0.046304896095159996
0.04630395461737875
0.046303014569526936
0.04630207595160457
0.04630113876361165
0.04630020300554818
0.04629926867741414
0.046298335779209554
0.046297404310934404
0.046296474272588706
0.04629554566417245
0.046294618485685626
0.04629369273712825
0.04629276841850032
0.04629184552980183
0.04629092407103279
0.04629000404219319
0.046289085443283036
0.04628816827430232
0.046287252535251046
0.04628633822612922
0.04628542534693684
0.0462845138976739
0.0462836038783404
0.046282695288936346
0.04628178812946174
0.04628088239991657
0.04627997810030084
0.046279075230614565
0.046278173790857725
0.04627727378103033
0.046276375201132376
0.046275478051163874
0.04627458233112481
0.046273688041015185
0.046272795180835005
0.04627190375058427
0.04627101375026298
0.046270125179871134
0.04626923803940873
0.046268352328875766
0.046267468048272246
0.04626658519759817
0.046265703776853545
0.046264823786038356
0.04626394522515261
0.04626306809419631
0.04626219239316945
0.046261318122072036
0.04626044528090406
0.04625957386966553
0.04625870388835645
0.046257835336976805
0.046256968215526606
0.04625610252400585
0.04625523826241454
0.04625437543075267
0.04625351402902025
0.04625265405721726
0.046251795515343724
0.04625093840339963
0.04625008272138498
0.04624922846929977
0.046248375647144
0.04624752425491768
0.046246674292620804
0.046245825760253365
0.04624497865781537
0.04624413298530682
0.04624328874272772
0.046242445930078056
0.04624160454735784
0.04624076459456706
0.046239926071705725
0.04623908897877384
0.04623825331577139
0.04623741908269839
0.04623658627955483
0.046235754906340715
0.04623492496305604
0.04623409644970081
0.046233269366275025
0.04623244371277868
0.046231619489211784
0.046230796695574325
0.04622997533186631
0.04622915539808774
0.046228336894238616
0.04622751982031893
0.04622670417632869
0.046225889962267896
0.046225077178136544
0.04622426582393463
0.04622345589966216
0.04622264740531914
0.04622184034090556
0.04622103470642142
0.04622023050186673
0.046219427727241476
0.046218626382545674
0.046217826467779305
0.04621702798294239
0.04621623092803491
0.04621543530305688
0.046214641108008284
0.046213848342889136
0.04621305700769943
0.04621226710243917
0.04621147862710835
0.04621069158170698
0.04620990596623505
0.046209121780692565
0.046208339025079516
0.04620755769939592
0.04620677780364176
0.04620599933781704
0.046205222301921776
0.04620444669595595
0.04620367251991956
0.046202899773812624
0.04620212845763512
0.04620135857138707
0.046200590115068454
0.04619982308867929
0.046199057492219565
0.04619829332568928
0.046197530589088445
0.04619676928241705
0.046196009405675094
0.04619525095886259
0.046194493941979525
0.0461937383550259
0.046192984198001726
0.04619223147090699
0.046191480173741695
0.04619073030650585
0.04618998186919944
0.046189234861822484
0.04618848928437496
0.04618774513685689
0.04618700241926826
0.04618626113160906
0.04618552127387932
0.04618478284607902
0.046184045848208156
0.046183310280266746
0.04618257614225477
0.04618184343417224
0.04618111215601916
0.04618038230779552
0.046179653889501314
0.046178926901136556
0.046178201342701244
0.04617747721419538
0.04617675451561895
0.04617603324697197
0.046175313408254426
0.046174594999466335
0.046173878020607684
0.04617316247167847
0.046172448352678704
0.04617173566360838
0.0461710244044675
0.04617031457525607
0.04616960617597407
0.046168899206621525
0.04616819366719842
0.046167489557704756
0.046166786878140534
0.04616608562850576
0.046165385808800426
0.04616468741902453
0.046163990459178086
0.046163294929261085
0.04616260082927352
0.046161908159215406
0.046161216919086735
0.0461605271088875
0.046159838728617716
0.046159151778277376
0.04615846625786647
0.04615778216738502
0.046157099506833
0.046156418276210434
0.0461557384755173
0.04615506010475362
0.04615438316391938
0.04615370765301458
0.046153033572039225
0.04615236092099332
0.04615168969987685
0.046151019908689826
0.046150351547432245
0.04614968461610411
0.04614901911470541
0.04614835504323616
0.046147692401696354
0.04614703119008599
0.04614637140840507
0.04614571305665359
0.04614505613483156
0.04614440064293897
0.046143746580975815
0.046143093948942115
0.046142442746837854
0.04614179297466303
0.04614114463241766
0.04614049772010173
0.04613985223771524
0.04613920818525819
0.04613856556273059
0.046137924370132435
0.04613728460746372
0.04613664627472445
0.04613600937191462
0.046135373899034236
0.046134739856083296
0.046134107243061794
0.04613347605996974
0.046132846306807127
0.04613221798357396
0.046131591090270235
0.046130965626895955
0.04613034159345111
0.04612971898993572
0.046129097816349766
0.046128478072693255
0.04612785975896619
0.04612724287516857
0.04612662742130039
0.04612601339736166
0.04612540080335236
0.046124789639272516
0.04612417990512211
0.04612357160090114
0.04612296472660963
0.04612235928224755
0.046121755267814916
0.046121152683311725
0.04612055152873798
0.04611995180409368
0.04611935350937882
0.0461187566445934
0.046118161209737434
0.0461175672048109
0.04611697462981382
0.04611638348474617
0.04611579376960797
0.046115205484399215
0.046114618629119905
0.046114033203770034
0.04611344920834961
0.04611286664285862
0.04611228550729708
0.04611170580166499
0.04611112752596233
0.04611055068018913
0.046109975264345356
0.046109401278431036
0.046108828722446156
0.046108257596390714
0.046107687900264725
0.046107119634068175
0.04610655279780106
0.046105987391463404
0.046105423415055184
0.0461048608685764
0.046104299752027074
0.046103740065407184
0.04610318180871673
0.04610262498195573
0.04610206958512417
0.04610151561822205
0.04610096308124938
0.04610041197420615
0.046099862297092356
0.04609931404990802
0.04609876723265312
0.04609822184532766
0.04609767788793164
0.04609713536046507
0.04609659426292794
0.04609605459532026
0.046095516357642016
0.04609497954989322
0.04609444417207387
0.04609391022418396
0.04609337770622349
0.04609284661819246
0.04609231696009088
0.04609178873191874
0.04609126193367605
0.0460907365653628
0.04609021262697899
0.04608969011852462
0.046089169039999704
0.046088649391404224
0.04608813117273819
0.0460876143840016
0.04608709902519445
0.046086585096316746
0.04608607259736848
0.04608556152834967
0.04608505188926029
0.04608454368010036
0.04608403690086987
0.04608353155156882
0.046083027632197224
0.046082525142755064
0.04608202408324235
0.046081524453659074
0.046081026254005245
0.04608052948428086
0.046080034144485915
0.04607954023462042
0.04607904775468436
0.04607855670467775
0.046078067084600584
0.04607757889445285
0.046077092134234575
0.046076606803945735
0.04607612290358634
0.04607564043315639
0.04607515939265588
0.046074679782084814
0.04607420160144319
0.04607372485073101
0.04607324952994827
0.04607277563909498
0.04607230317817113
0.04607183214717672
0.046071362546111765
0.04607089437497624
0.046070427633770165
0.04606996232249353
0.04606949844114634
0.0460690359897286
0.046068574968240295
0.046068115376681436
0.046067657215052016
0.04606720048335204
0.04606674518158151
0.04606629130974042
0.046065838867828786
0.04606538785584658
0.04606493827379383
0.046064490121670514
0.046064043399476645
0.046063598107212216
0.04606315424487723
0.04606271181247169
0.046062270809995594
0.04606183123744894
0.04606139309483173
0.04606095638214396
0.04606052109938564
0.04606008724655676
0.04605965482365732
0.04605922383068733
0.04605879426764677
0.04605836613453567
0.04605793943135401
0.04605751415810178
0.046057090314779
0.04605666790138567
0.04605624691792178
0.04605582736438733
0.04605540924078233
0.046054992547106766
0.04605457728336065
0.046054163449543974
0.046053751045656746
0.04605334007169896
0.046052930527670614
0.04605252241357171
0.04605211572940225
0.04605171047516224
0.046051306650851664
0.046050904256470536
0.04605050329201885
0.04605010375749661
0.04604970565290381
0.04604930897824046
0.046048913733506544
0.046048519918702076
0.04604812753382705
0.04604773657888147
0.04604734705386533
0.04604695895877864
0.046046572293621385
0.04604618705839358
0.046045803253095215
0.04604542087772629
0.04604503993228681
0.046044660416776774
0.04604428233119618
0.04604390567554503
0.04604353044982333
0.04604315665403107
0.04604278428816825
0.04604241335223487
0.04604204384623094
0.04604167577015645
0.04604130912401141
0.046040943907795805
0.04604058012150964
0.04604021776515293
0.046039856838725655
0.04603949734222783
0.04603913927565944
0.0460387826390205
0.046038427432311
0.04603807365553094
0.04603772130868033
0.04603737039175916
0.04603702090476743
0.04603667284770515
0.04603632622057231
0.046035981023368915
0.04603563725609496
0.04603529491875045
0.04603495401133539
0.046034614533849764
0.04603427648629358
0.04603393986866684
0.04603360468096955
0.046033270923201704
0.046032938595363296
0.046032607697454334
0.04603227822947481
0.04603195019142473
0.0460316235833041
0.046031298405112914
0.046030974656851166
0.04603065233851886
0.046030331450116
0.04603001199164258
0.04602969396309861
0.04602937736448408
0.04602906219579899
0.04602874845704335
0.046028436148217146
0.04602812526932039
0.04602781582035308
0.046027507801315204
0.04602720121220678
0.046026896053027795
0.04602659232377825
0.046026290024458155
0.046025989155067504
0.04602568971560629
0.046025391706074524
0.046025095126472196
0.04602479997679931
0.046024506257055876
0.046024213967241885
0.04602392310735733
0.046023633677402226
0.04602334567737656
0.04602305910728034
0.04602277396711356
0.04602249025687623
0.046022207976568336
0.04602192712618989
0.04602164770574088
0.04602136971522132
0.0460210931546312
0.046020818023970525
0.04602054432323929
0.04602027205243751
0.04602000121156516
0.04601973180062226
0.0460194638196088
0.046019197268524784
0.04601893214737021
0.046018668456145086
0.0460184061948494
0.04601814536348316
0.04601788596204636
0.046017627990539
0.04601737144896109
0.046017116337312626
0.0460168626555936
0.04601661040380402
0.046016359581943875
0.046016110190013185
0.046015862228011926
0.04601561569594012
0.046015370593797754
0.04601512692158483
0.04601488467930135
0.04601464386694732
0.04601440448452272
0.04601416653202758
0.04601393000946187
0.04601369491682561
0.04601346125411879
0.04601322902134141
0.04601299821849348
0.04601276884557499
0.04601254090258594
0.04601231438952634
0.04601208930639618
0.04601186565319546
0.04601164342992419
0.04601142263658236
0.04601120327316997
0.04601098533968703
0.04601076883613353
0.046010553762509475
0.046010340118814864
0.04601012790504969
0.04600991712121397
0.04600970776730768
0.04600949984333084
0.04600929334928344
0.04600908828516549
0.04600888465097698
0.046008682446717915
0.04600848167238829
0.046008282327988106
0.04600808441351737
0.04600788792897608
0.04600769287436423
0.046007499249681824
0.04600730705492886
0.046007116290105336
0.04600692695521126
0.046006739050246624
0.04600655257521143
0.04600636753010569
0.04600618391492938
0.04600600172968252
0.046005820974365105
0.04600564164897713
0.0460054637535186
0.04600528728798951
0.04600511225238987
0.046004938646719666
0.04600476647097891
0.046004595725167595
0.046004426409285724
0.04600425852333329
0.046004092067310313
0.04600392704121677
0.04600376344505267
0.046003601278818015
0.046003440542512805
0.04600328123613704
0.046003123359690715
0.046002966913173834
0.04600281189658639
0.0460026583099284
0.04600250615319985
0.046002355426400736
0.04600220612953107
0.04600205826259085
0.046001911825580076
0.04600176681849874
0.046001623241346844
0.0460014810941244
0.046001340376831394
0.04600120108946783
0.04600106323203371
0.04600092680452904
0.0460007918069538
0.04600065823930802
0.04600052610159167
0.046000395393804766
0.04600026611594731
0.04600013826801929
0.04600001185002072
0.04599988686195159
0.045999763303811905
0.045999641175601666
0.045999520477320865
0.04599940120896951
0.045999283370547595
0.045999166962055124
0.0459990519834921
0.04599893843485852
0.04599882631615438
0.045998715627379685
0.04599860636853443
0.04599849853961862
0.045998392140632255
0.04599828717157533
0.04599818363244785
0.045998081523249815
0.045997980843981226
0.045997881594642076
0.045997783775232365
0.045997687385752106
0.045997592426201286
0.045997498896579905
0.04599740679688798
0.04599731612712549
0.045997226887292436
0.04599713907738883
0.04599705269741467
0.04599696774736996
0.04599688422725468
0.04599680213706885
0.04599672147681247
0.045996642246485524
0.045996564446088024
0.045996488075619964
0.04599641313508135
0.04599633962447218
0.045996267543792456
0.04599619689304217
0.04599612767222133
0.04599605988132993
0.04599599352036798
0.04599592858933547
0.045995865088232404
0.04599580301705878
0.045995742375814594
0.04599568316449986
0.045995625383114566
0.04599556903165871
0.04599551411013231
0.04599546061853534
0.045995408556867824
0.045995357925129744
0.04599530872332111
0.045995260951441914
0.04599521460949217
0.04599516969747187
0.045995126215381
0.04599508416321959
0.04599504354098761
0.04599500434868508
0.04599496658631199
0.045994930253868346
0.04599489535135415
0.04599486187876939
0.045994829836114075
0.0459947992233882
0.04599477004059177
0.04599474228772479
0.04599471596478725
0.04599469107177915
0.045994667608700496
0.04599464557555128
0.04599462497233151
0.04599460579904119