0.04939414504530492
0.049394134895955656
0.04939412300126388
0.04939410936122961
0.04939409397585282
0.049394076845133535
0.049394057969071745
0.049394037347667445
0.049394014980920636
0.049393990868831325
0.04939396501139951
0.04939393740862519
0.049393908060508356
0.04939387696704902
0.04939384412824718
0.049393809544102836
0.04939377321461599
0.04939373513978663
0.04939369531961476
0.049393653754100396
0.049393610443243516
0.04939356538704413
0.04939351858550225
0.049393470038617854
0.04939341974639096
0.04939336770882155
0.04939331392590964
0.049393258397655224
0.0493932011240583
0.04939314210511888
0.04939308134083694
0.049393018831212505
0.04939295457624556
0.04939288857593611
0.04939282083028415
0.049392751339289685
0.04939268010295272
0.049392607121273246
0.049392532394251266
0.04939245592188678
0.049392377704179785
0.04939229774113029
0.04939221603273829
0.04939213257900378
0.049392047379926765
0.04939196043550724
0.04939187174574521
0.04939178131064068
0.04939168913019364
0.0493915952044041
0.04939149953327205
0.049391402116797496
0.04939130295498043
0.04939120204782087
0.04939109939531879
0.049390994997474215
0.04939088885428713
0.04939078096575754
0.04939067133188544
0.04939055995267084
0.049390446828113735
0.049390331958214115
0.049390215342972
0.049390096982387374
0.04938997687646024
0.0493898550251906
0.049389731428578464
0.049389606086623815
0.04938947899932666
0.049389350166686996
0.04938921958870483
0.04938908726538016
0.04938895319671298
0.049388817382703294
0.04938867982335111
0.04938854051865641
0.04938839946861921
0.049388256673239504
0.049388112132517294
0.049387965846452574
0.04938781781504535
0.04938766803829562
0.049387516516203385
0.04938736324876864
0.049387208235991395
0.04938705147787164
0.04938689297440938
0.049386732725604614
0.049386570731457344
0.049386406991967564
0.04938624150713528
0.0493860742769605
0.0493859053014432
0.0493857345805834
0.049385562114381096
0.04938538790283628
0.04938521194594896
0.04938503424371914
0.049384854796146814
0.049384673603231975
0.049384490664974634
0.04938430598137479
0.04938411955243244
0.04938393137814758
0.04938374145852022
0.04938354979355035
0.04938335638323797
0.049383161227583086
0.049382964326585704
0.049382765680245806
0.04938256528856341
0.0493823631515385
0.0493821592691711
0.049381953641461175
0.04938174626840876
0.049381537150013824
0.049381326286276395
0.049381113677196456
0.04938089932277401
0.04938068322300906
0.0493804653779016
0.049380245787451635
0.04938002445165917
0.049379801370524196
0.04937957654404671
0.049379349972226726
0.04937912165506424
0.04937889159255924
0.04937865978471173
0.04937842623152172
0.04937819093298921
0.04937795388911419
0.04937771509989666
0.04937747456533663
0.049377232285434086
0.04937698826018905
0.04937674248960149
0.049376494973671435
0.049376245712398875
0.049375994705783806
0.049375741953826234
0.04937548745652615
0.04937523121388357
0.049374973225898476
0.04937471349257088
0.04937445201390078
0.049374188789888175
0.04937392382053306
0.04937365710583544
0.04937338864579531
0.04937311844041268
0.049372846489687545
0.0493725727936199
0.04937229735220975
0.049372020165457095
0.04937174123336193
0.04937146055592427
0.049371178133144095
0.049370893965021416
0.049370608051556235
0.049370320392748544
0.049370030988598344
0.04936973983910565
0.04936944694427044
0.04936915230409272
0.049368855918572506
0.04936855778770978
0.04936825791150455
0.04936795628995681
0.04936765292306657
0.04936734781083382
0.04936704095325857
0.04936673235034081
0.049366422002080544
0.04936610990847777
0.049365796069532494
0.049365480485244716
0.04936516315561443
0.04936484408064163
0.04936452326032633
0.04936420069466852
0.04936387638366821
0.049363550327325395
0.04936322252564007
0.04936289297861224
0.0493625616862419
0.049362228648529065
0.04936189386547372
0.04936155733707586
0.04936121906333551
0.04936087904425264
0.04936053727982727
0.049360193770059395
0.04935984851494901
0.049359501514496126
0.04935915276870073
0.049358802277562834
0.04935845004108243
0.04935809605925952
0.0493577403320941
0.04935738285958618
0.04935702364173575
0.049356662678542815
0.04935629997000737
0.04935593551612943
0.04935556931690897
0.049355201372346016
0.04935483168244056
0.04935446024719259
0.04935408706660211
0.04935371214066913
0.04935333546939364
0.04935295705277565
0.04935257689081515
0.04935219498351215
0.04935181133086664
0.049351425932878626
0.0493510387895481
0.04935064990087507
0.04935025926685954
0.0493498668875015
0.04934947276280096
0.04934907689275791
0.04934867927737235
0.04934827991664429
0.04934787881057372
0.04934747595916065
0.049347071362405064
0.04934666502030698
0.049346256932866386
0.049345847100083294
0.049345435521957685
0.04934502219848958
0.04934460712967897
0.049344190315525845
0.04934377175603022
0.049343351451192084
0.04934292940101145
0.04934250560548831
0.04934208006462266
0.0493416527784145
0.04934122374686384
0.04934079296997067
0.049340360447734995
0.04933992618015682
0.049339490167236134
0.04933905240897295
0.04933861290536725
0.049338171656419044
0.049337728662128336
0.049337283922495125
0.049336837437519404
0.04933638920720118
0.04933593923154045
0.049335487510537214
0.04933503404419147
0.04933457883250322
0.04933412187547247
0.04933366317309921
0.04933320272538344
0.04933274053232517
0.04933227659392439
0.04933181091018111
0.049331343481095316
0.04933087430666702
0.049330403386896225
0.04932993072178291
0.049329456311327104
0.049328980155528786
0.04932850225438796
0.04932802260790463
0.049327541216078796
0.049327058078910455
0.049326573196399603
0.04932608656854625
0.049325598195350394
0.04932510807681203
0.04932461621293116
0.04932412260370778
0.049323627249141896
0.04932313014923351
0.049322631303982616
0.049322130713389215
0.04932162837745331
0.0493211242961749
0.04932061846955398
0.04932011089759056
0.04931960158028463
0.049319090517636194
0.049318577709645255
0.049318063156311806
0.049317546857635855
0.049317028813617395
0.04931650902425643
0.049315987489552966
0.049315464209506985
0.04931493918411851
0.04931441241338752
0.049313883897314024
0.049313353635898026
0.049312821629139525
0.049312287877038515
0.049311752379594995
0.04931121513680897
0.04931067614868045
0.04931013541520941
0.04930959293639587
0.049309048712239824
0.049308502742741275
0.04930795502790022
0.04930740556771666
0.04930685436219059
0.049306301411322015
0.04930574671511093
0.04930519027355735
0.049304632086661256
0.04930407215442266
0.049303510476841554
0.049302947053917946
0.04930238188565183
0.04930181497204321
0.04930124631309208
0.04930067590879845
0.04930010375916231
0.049299529864183664
0.04929895422386251
0.049298376838198855
0.0492977977071927
0.04929721683084403
0.049296634209152854
0.049296049842119175
0.04929546372974299
0.0492948758720243
0.0492942862689631
0.0492936949205594
0.04929310182681319
0.04929250698772448
0.049291910403293254
0.049291312073519535
0.0492907119984033
0.04929011017794456
0.04928950661214332
0.04928890130099957
0.049288294244513316
0.04928768544268455
0.04928707489551329
0.049286462602999515
0.04928584856514324
0.04928523278194445
0.04928461525340316
0.049283995979519366
0.049283374960293065
0.049282752195724255
0.04928212768581294
0.04928150143055913
0.0492808734299628
0.04928024368402397
0.049279612192742635
0.04927897895611879
0.04927834397415244
0.04927770724684359
0.04927706877419223
0.04927642855619836
0.04927578659286199
0.04927514288418312
0.04927449743016173
0.04927385023079784
0.049273201286091445
0.04927255059604255
0.04927189816065114
0.04927124397991723
0.04927058805384081
0.04926993038242189
0.04926927096566046
0.04926860980355652
0.04926794689611008
0.04926728224332113
0.04926661584518968
0.04926594770171572
0.04926527781289926
0.04926460617874028
0.04926393279923881
0.04926325767439483
0.04926258080420834
0.049261902188679346
0.049261221827807844
0.04926053972159384
0.04925985587003733
0.04925917027313831
0.04925848293089679
0.04925779384331276
0.04925710301038622
0.04925641043211718
0.04925571610850564
0.04925502003955159
0.049254322225255026
0.04925362266561596
0.049252921360634395
0.04925221831031032
0.04925151351464374
0.04925080697363465
0.049250098687283056
0.04924938865558896
0.049248676878552354
0.04924796335617325
0.04924724808845163
0.049246531075387505
0.04924581231698088
0.049245091813231744
0.049244369564140106
0.04924364556970596
0.04924291982992931
0.04924219234481016
0.04924146311434849
0.049240732138544324
0.04923999941739765
0.04923926495090847
0.04923852873907678
0.04923779078190259
0.04923705107938589
0.04923630963152669
0.04923556643832498
0.04923482149978076
0.04923407481589404
0.04923332638666482
0.049232576212093086
0.049231824292178844
0.0492310706269221
0.04923031521632285
0.049229558060381096
0.04922879915909684
0.04922803851247007
0.04922727612050079
0.04922651198318902
0.04922574610053473
0.049224978472537935
0.04922420909919864
0.049223437980516836
0.04922266511649253
0.049221890507125714
0.049221114152416395
0.04922033605236457
0.04921955620697024
0.0492187746162334
0.049217991280154055
0.04921720619873221
0.04921641937196785
0.04921563079986099
0.04921484048241163
0.04921404841961975
0.049213254611485374
0.049212459058008494
0.049211661759189104
0.049210862715027205
0.049210061925522804
0.04920925939067589
0.04920845511048648
0.04920764908495456
0.04920684131408014
0.04920603179786321
0.04920522053630377
0.04920440752940183
0.04920359277715738
0.049202776279570426
0.049201958036640965
0.049201138048369
0.04920031631475453
0.049199492835797554
0.04919866761149807
0.04919784064185608
0.049197011926871585
0.049196181466544586
0.04919534926087508
0.04919451530986307
0.04919367961350855
0.049192842171811524
0.04919200298477199
0.04919116205238996
0.04919031937466542
0.049189474951598366
0.04918862878318882
0.04918778086943676
0.04918693121034219
0.04918607980590512
0.04918522665612555
0.049184371761003466
0.049183515120538875
0.04918265673473178
0.049181796603582184
0.04918093472709008
0.04918007110525546
0.049179205738078345
0.049178338625558725
0.049177469767696595
0.04917659916449196
0.04917572681594482
0.04917485272205517
0.049173976882823024
0.04917309929824836
0.049172219968331196
0.04917133889307153
0.04917045607246935
0.04916957150652467
0.04916868519523748
0.04916779713860779
0.04916690733663559
0.04916601578932089
0.04916512249666368
0.04916422745866396
0.04916333067532174
0.049162432146637014
0.04916153187260978
0.04916062985324004
0.04915972608852779
0.04915882057847304
0.049157913323075786
0.04915700432233602
0.04915609357625375
0.049155181084828976
0.0491542668480617
0.04915335086595191
0.04915243313849962
0.04915151366570482
0.04915059244756752
0.049149662878906264
0.0491487220945761
0.049147780117355606
0.04914683694724477
0.049145892584243595
0.04914494702835208
0.04914400027957023
0.04914305233789804
0.049142103203335515
0.04914115287588265
0.049140201355539447
0.049139248642305906
0.04913829473618203
0.049137339637167814
0.049136383345263254
0.04913542586046837
0.04913446718278313
0.049133507312207565
0.04913254624874166
0.04913158399238541
0.049130620543138825
0.049129655901001906
0.049128690065974645
0.04912772303805705
0.04912675481724911
0.04912578540355084
0.04912481479696223
0.04912384299748328
0.04912287000511399
0.049121895819854364
0.0491209204417044
0.049119943870664096
0.049118966106733455
0.04911798714991248
0.04911700700020116
0.04911602565759951
0.049115043122107516
0.049114059393725186
0.049113074472452514
0.049112088358289514
0.049111101051236165
0.04911011255129248
0.04910912285845846
0.0491081319727341
0.049107139894119405
0.04910614662261437
0.049105152158219
0.04910415650093329
0.04910315965075724
0.049102161607690854
0.049101162371734126
0.04910016194288706
0.04909916032114966
0.049098157506521925
0.04909715349900384
0.04909614829859543
0.04909514190529667
0.049094134319107585
0.049093125540028155
0.049092115568058384
0.049091104403198284
0.049090092045447835
0.04908907849480706
0.04908806375127593
0.04908704781485448
0.04908603068554268
0.04908501236334054
0.049083992848248076
0.04908297214026526
0.049081950239392116
0.04908092714562863
0.0490799028589748
0.04907887737943064
0.04907785070699614
0.0490768228416713
0.049075793783456126
0.04907476353235061
0.049073732088354756
0.04907269945146857
0.04907166562169204
0.04907063059902517
0.04906959438346797
0.04906855697502042
0.04906751837368254
0.04906647857945432
0.04906543759233576
0.04906439541232687
0.04906335203942763
0.04906230747363806
0.04906126171495815
0.049060214763387906
0.04905916661892732
0.04905811728157639
0.049057066751335136
0.04905601502820353
0.0490549621121816
0.049053908003269316
0.049052852701466705
0.04905179620677375
0.049050738519190465
0.049049679638716835
0.04904861956535287
0.04904755829909856
0.04904649583995392
0.04904543218791894
0.04904436734299362
0.049043301305177964
0.04904223407447197
0.049041165650875636
0.04904009603438896
0.049039025225011953
0.04903795322274461
0.049036880027586924
0.0490358056395389
0.04903473005860054
0.04903365328477184
0.0490325753180528
0.049031496158443426
0.049030415805943715
0.04902933426055366
0.049028251522273275
0.049027167591102545
0.04902608246704148
0.049024996150090074
0.04902390864024833
0.049022819937516254
0.049021730041893835
0.04902063895338108
0.049019546671977984
0.04901845319768455
0.049017358530500786
0.04901626267042668
0.04901516561746223
0.04901406737160745
0.04901296793286232
0.049011867301226864
0.049010765476701065
0.049009662459284925
0.04900855824897845
0.04900745284578164
0.04900634624969449
0.049005238460717
0.04900412947884917
0.049003019304091004
0.049001907936442504
0.04900079537590366
0.048999681622474485
0.048998566676154966
0.04899745053694511
0.048996333204844915
0.04899521467985438
0.04899409496197352
0.04899297405120231
0.048991851947540764
0.04899072865098888
0.04898960416154666
0.048988478479214094
0.0489873516039912
0.04898622353587796
0.04898509427487439
0.048983963820980476
0.048982832174196224
0.048981699334521636
0.04898056530195671
0.04897943007650145
0.04897829365815585
0.048977156046919906
0.04897601724279363
0.04897487724577701
0.048973736055870055
0.048972593673072766
0.048971450097385134
0.04897030532880716
0.04896915936733886
0.04896801221298021
0.04896686386573123
0.04896571432559191
0.048964563592562245
0.048963411666642254
0.04896225854783191
0.048961104236131245
0.04895994873154023
0.04895879203405888
0.048957634143687194
0.04895647506042517
0.048955314784272806
0.048954153315230106
0.048952990653297064
0.04895182679847369
0.04895066175075997
0.04894949551015591
0.048948328076661524
0.04894715945027679
0.048945989631001725
0.04894481861883632
0.04894364641378057
0.048942473015834494
0.04894129842499807
0.048940122641271316
0.04893894566465422
0.048937767495146785
0.04893658813274901
0.0489354075774609
0.04893422582928245
0.048933042888213665
0.048931858754254536
0.04893067342740508
0.04892948690766528
0.048928299195035135
0.04892711028951466
0.048925920191103846
0.04892472889980269
0.048923536415611195
0.04892234273852937
0.048921147868557203
0.048919951805694695
0.04891875454994185
0.04891755610129867
0.04891635645976515
0.048915155625341294
0.048913953598027096
0.04891275037782256
0.048911545964727694
0.048910340358742484
0.04890913355986693
0.04890792556810105
0.04890671638344482
0.04890550600589826
0.04890429443546136
0.04890308167213412
0.04890186771591654
0.04890065256680863
0.048899436224810376
0.04889821868992179
0.04889699996214286
0.048895780041473595
0.048894558927913986
0.04889333662146404
0.04889211312212376
0.04889088842989314
0.048889662544772186
0.048888435466760895
0.04888720719585926
0.048885977732067286
0.048884747075384975
0.04888351522581233
0.04888228218334934
0.04888104794799602
0.04887981251975236
0.04887857589861836
0.048877338084594026
0.04887609907767935
0.048874858877874336
0.04887361748517898
0.04887237489959329
0.04887113112111726
0.0488698861497509
0.04886863998549419
0.04886739262834715
0.04886614407830977
0.048864894335382054
0.048863643399564
0.0488623912708556
0.048861137949256866
0.0488598834347678
0.04885862772738839
0.04885737082711864
0.04885611273395856
0.04885485344790814
0.04885359296896737
0.04885233129713627
0.04885106843241484
0.04884980437480306
0.04884853912430095
0.0488472726809085
0.04884600504462571
0.04884473621545258
0.04884346619338912
0.04884219497843531
0.04884092257059117
0.048839648969856694
0.04883837417623187
0.04883709818971672
0.048835821010311226
0.04883454263801539
0.048833263072829224
0.04883198231475271
0.04883070036378587
0.048829417219928686
0.04882813288318116
0.048826847353543305
0.048825560631015105
0.04882427271559657
0.04882298360728769
0.04882169330608848
0.04882040181199893
0.04881910912501904
0.04881781524514882
0.04881652017238825
0.04881522390673735
0.048813926448196106
0.04881262779676453
0.04881132795244261
0.048810026915230356
0.048808724685127765
0.04880742126213483
0.04880611664625156
0.04880481083747796
0.04880350383581401
0.048802195641259725
0.04880088625381511
0.048799575673480144
0.04879826390025485
0.048796950934139216
0.04879563677513324
0.048794321423236926
0.04879300487845028
0.04879168714077329
0.048790368210205964
0.0487890480867483
0.048787726770400296
0.04878640426116196
0.04878508055903328
0.048783755664014265
0.04878242957610491
0.04878110229530522
0.048779773821615184
0.048778444155034816
0.04877711329556411
0.048775781243203066
0.048774447997951685
0.04877311355980996
0.048771777928777904
0.04877044110485551
0.048769103088042776
0.0487677638783397
0.04876642347574629
0.04876508188026254
0.048763739091888456
0.04876239511062403
0.048761049936469264
0.04875970356942416
0.048758356009488725
0.048757007256662946
0.04875565731094683
0.048754306172340375
0.048752953840843584
0.04875160031645646
0.04875024559917899
0.048748889689011185
0.04874753258595304
0.04874617429000456
0.048744814801165735
0.04874345411943658
0.048742092244817084
0.04874072917730725
0.04873936491690708
0.048737999463616566
0.04873663281743572
0.04873526497836453
0.048733895946403004
0.048732525721551144
0.04873115430380894
0.048729781693176405
0.048728407889653526
0.04872703289324031
0.048725656703936755
0.04872427932174287
0.04872290074665864
0.04872152097868407
0.048720140017819165
0.048718757864063926
0.048717374517418345
0.04871598997788242
0.048714604245456164
0.04871321732013957
0.048711829201932635
0.048710439890835365
0.04870904938684775
0.048707657689969805
0.04870626480020152
0.0487048707175429
0.04870347544199394
0.048702078973554636
0.048700681312225
0.04869928245800502
0.048697882410894705
0.048696481170894056
0.048695078738003064
0.04869367511222174
0.04869227029355007
0.048690864281988065
0.048689457077535726
0.048688048680193045
0.04868663908996002
0.048685228306836664
0.04868381633082297
0.04868240316191894
0.048680988800124565
0.04867957324543986
0.04867815649786481
0.04867673855739943
0.048675319424043705
0.048673899097797645
0.04867247757866124
0.048671054866634506
0.04866963096171743
0.04866820586391002
0.04866677957321226
0.04866535208962418
0.04866392341314575
0.04866249354377698
0.04866106248151788
0.04865963022636844
0.04865819677832866
0.048656762137398536
0.048655326303578085
0.04865388927686729
0.048652451057266156
0.048651011644774686
0.04864957103939288
0.04864812924112073
0.04864668624995825
0.048645242065905425
0.048643796688962265
0.04864235011912876
0.04864090235640493
0.048639453400790754
0.04863800325228624
0.04863655191089139
0.048635099376606206
0.04863364564943067
0.04863219072936481
0.04863073461640861
0.04862927731056207
0.04862781881182519
0.04862635912019797
0.04862489823568041
0.04862343615827252
0.04862197288797429
0.04862050842478572
0.048619042768706815
0.04861757591973757
0.048616107877877984
0.04861463864312806
0.0486131682154878
0.048611696594957204
0.04861022378153627
0.048608749775224995
0.04860727457602338
0.04860579818393143
0.04860432059894915
0.04860284182107652
0.04860136185031355
0.04859988068666025
0.04859839833011661
0.048596914780682635
0.04859543003835831
0.04859394410314366
0.04859245697503867
0.04859096865404334
0.04858947914015767
0.04858798843338166
0.048586496533715315
0.04858500344115863
0.048583509155711614
0.048582013677374254
0.04858051700614655
0.04857901914202852
0.04857752008502015
0.048576019835121435
0.048574518392332386
0.048573015756653
0.048571511928083275
0.048570006906623206
0.04856850069227281
0.04856699328503207
0.04856548468490099
0.04856397489187957
0.04856246390596782
0.04856095172716573
0.0485594383554733
0.04855792379089053
0.048556408033417424
0.048554891083053976
0.0485533729398002
0.048551853603656075
0.048550333074621616
0.04854881135269682
0.04854728843788169
0.04854576433017622
0.048544239029580404
0.048542712536094254
0.04854118484971777
0.04853965597045094
0.04853812589829378
0.04853659463324628
0.04853506217530844
0.048533528524480264
0.04853199368076175
0.0485304576441529
0.0485289204146537
0.048527381992264175
0.048525842376984304
0.0485243015688141
0.04852275956775356
0.048521216373802675
0.04851967198696146
0.0485181264072299
0.048516579634608
0.04851503166909577
0.0485134825106932
0.048511932159400285
0.04851038061521704
0.04850882787814345
0.04850727394817953
0.04850571882532527
0.048504162509580666
0.04850260500094573
0.04850104629942045
0.04849948640500484
0.048497925317698885
0.04849636303750259
0.048494799564415964
0.04849323234823238
0.04849166409070033
0.04849009550506322
0.048488526591321045
0.04848695734947381
0.04848538777952151
0.04848381788146414
0.048482247655301715
0.04848067710103422
0.04847910621866167
0.04847753500818405
0.04847596346960137
0.04847439160291362
0.048472819408120815
0.04847124688522294
0.04846967403422
0.048468100855112
0.048466527347898934
0.04846495351258081
0.04846337934915761
0.04846180485762936
0.048460230037996044
0.048458654890257656
0.04845707941441421
0.0484555036104657
0.04845392747841213
0.048452351018253494
0.04845077422998979
0.04844919711362103
0.0484476196691472
0.04844604189656831
0.04844446379588435
0.04844288536709533
0.04844130661020125
0.0484397275252021
0.048438148112097894
0.04843656837088862
0.04843498830157428
0.04843340790415488
0.04843182717863041
0.04843024612500089
0.04842866474326629
0.04842708303342664
0.048425500995481915
0.048423918629432135
0.04842233593527729
0.048420752913017374
0.0484191695626524
0.048417585884182365
0.048416001877607265
0.0484144175429271
0.04841283288014187
0.04841124788925158
0.04840966257025622
0.0484080769231558
0.04840649094795032
0.04840490464463977
0.04840331801322416
0.04840173105370349
0.04840014376607775
0.048398556150346946
0.048396968206511085
0.04839537993457015
0.048393791334524164
0.048392202406373104
0.04839061315011699
0.0483890235657558
0.048387433653289555
0.048385843412718246
0.04838425284404187
0.04838266194726043
0.04838107072237393
0.048379479169382365
0.04837788728828574
0.048376295079084045
0.04837470254177729
0.04837310967636547
0.048371516482848584
0.048369922961226636
0.048368329111499624
0.04836673493366755
0.04836514042773041
0.04836354559368821
0.04836195043154094
0.04836035494128861
0.04835875912293122
0.04835716297646876
0.048355566501901245
0.04835396969922866
0.04835237256845101
0.0483507751095683
0.048349177322580525
0.04834757920748769
0.04834598076428979
0.04834438199298682
0.04834278289357879
0.048341183466065696
0.04833958371044754
0.04833798362672432
0.048336383214896035
0.04833478247496269
0.048333181406924275
0.0483315800107808
0.04832997828653226
0.04832837623417866
0.048326773853719994
0.04832517114515626
0.04832356810848747
0.048321964743713613
0.04832036105083469
0.04831875702985071
0.04831715268076166
0.04831554800356755
0.048313942998268376
0.04831233766486413
0.04831073200335483
0.04830912601374047
0.04830751969602103
0.04830591305019654
0.048304306076266984
0.048302698774232364
0.04830109114409268
0.04829948318584793
0.04829787489949812
0.04829626628504324
0.0482946573424833
0.0482930480718183
0.04829143847304824
0.04828982854617311
0.04828821829119291
0.04828660770810766
0.048284996796917334
0.04828338555762195
0.0482817739902215
0.048280162094715987
0.048278549871105414
0.04827693731938977
0.04827532443956907
0.048273711231643306
0.04827209769561247
0.04827048383147658
0.04826886963923562
0.0482672551188896
0.04826564027043852
0.04826402509388237
0.04826240958922116
0.04826079375645488
0.04825917759558354
0.04825756110660714
0.04825594428952567
0.04825432714433914
0.04825270967104754
0.04825109186965089
0.048249473740149165
0.04824785528254238
0.04824623649683053
0.04824461738301362
0.048242997941091645
0.0482413781710646
0.0482397580729325
0.04823813764669533
0.0482365168923531
0.04823489580990581
0.048233274399353446
0.048231652660696026
0.04823003059393354
0.04822840819906599
0.04822678547609338
0.048225162425015705
0.048223539045832965
0.04822191533854516
0.04822029130315229
0.04821866693965436
0.048217042248051366
0.048215417228343306
0.04821379188053019
0.048212166204612
0.04821054020058875
0.04820891386846044
0.04820728720822706
0.048205660219888626
0.04820403290344512
0.048202405258896554
0.04820077728624292
0.048199148985484226
0.04819752035662047
0.04819589139965164
0.04819426211457776
0.04819263250139881
0.0481910025601148
0.04818937229072572
0.04818774169323158
0.04818611076763238
0.04818447951392811
0.04818284793211878
0.04818121602220438
0.04817958378418492
0.0481779512180604
0.04817631832383081
0.04817468510149617
0.04817305155105645
0.04817141767251167
0.048169783465861836
0.04816814893110693
0.048166514068246964
0.04816487887728193
0.04816324335821184
0.04816160751103667
0.04815997133575645
0.04815833483237117
0.048156698000880814
0.0481550608412854
0.048153423353584926
0.048151785537779386
0.04815014739386878
0.048148508921853114
0.04814687012173238
0.04814523099350659
0.04814359153717573
0.0481419517527398
0.048140311640198816
0.048138671199552764
0.048137030430801656
0.048135389333945476
0.04813374790898423
0.04813210615591793
0.04813046407474656
0.04812882166547013
0.04812717892808863
0.04812553586260208
0.04812389246901045
0.048122248747313766
0.04812060469751202
0.0481189603196052
0.04811731561359332
0.04811567057947638
0.04811402521725438
0.04811237952692731
0.04811073350849518
0.048109087161957984
0.048107440487315724
0.0481057934845684
0.04810414615371601
0.04810249849475856
0.048100850507696045
0.048099202192528466
0.04809755354925583
0.04809590457787812
0.04809425527839535
0.04809260565080752
0.04809095569511462
0.04808930541131667
0.04808765479941364
0.048086003859405556
0.0480843525912924
0.04808270099507419
0.04808104907075091
0.04807939681832257
0.04807774423778916
0.048076091329150694
0.04807443809240716
0.04807278452755857
0.04807113063460491
0.04806947641354618
0.048067821864382396
0.048066166987113544
0.04806451178173963
0.04806285624826065
0.04806120038667661
0.048059544196987505
0.048057887679193334
0.048056230833294106
0.048054573659289807
0.04805291615718044
0.04805125832696602
0.04804960016864653
0.048047941682221984
0.048046282867692365
0.04804462372505769
0.04804296425431795
0.04804130445547314
0.04803964432852327
0.04803798387346834
0.04803632309030834
0.04803466197904328
0.04803300053967316
0.04803133877219797
0.04802967667661772
0.048028014252932405
0.048026351501142026
0.04802468842124658
0.048023025013246075
0.048021361277140504
0.048019697212929875
0.048018032820614176
0.04801636810019341
0.04801470305166759
0.0480130376750367
0.048011371970300754
0.048009705937459735
0.04800803957651366
0.04800637288746252
0.04800470587030631
0.04800303852504504
0.04800137085167871
0.047999702850207306
0.047998034520630846
0.04799636586294932
0.047994696877162735
0.04799302756327108
0.04799135792127437
0.04798968795117259
0.047988017652965745
0.04798634702665384
0.047984676072236866
0.04798300478971484
0.04798133317908774
0.047979661240355576
0.04797798897351835
0.047976316378576064
0.04797464345552871
0.0479729702043763
0.047971296625118814
0.047969622717756275
0.047967948482288664
0.047966273918715996
0.047964599027038264
0.04796292380725546
0.0479612482593676
0.04795957238337468
0.04795789617927669
0.04795621964707364
0.047954542786765524
0.047952865598352344
0.0479511880818341
0.04794951023721079
0.04794783206448242
0.04794615356364899
0.04794447473471049
0.047942795577666925
0.047941116092518304
0.04793943627926461
0.04793775613790586
0.047936075668442046
0.047934394870873163
0.047932713745199224
0.04793103229142021
0.047929350509536145
0.047927668399547006
0.04792598596145281
0.04792430319525355
0.04792262010094922
0.04792093667853983
0.04791925292802538
0.047917568849405866
0.047915884442681286
0.04791419970785164
0.047912514644916936
0.047910829253877164
0.04790914353473233
0.04790745748748243
0.04790577111212747
0.04790408440866744
0.047902397377102356
0.0479007100174322
0.04789902232965698
0.047897334313776706
0.04789564596979136
0.047893957297700955
0.04789226829750548
0.04789057896920495
0.047888889312799346
0.047887199328288686
0.047885509015672956
0.04788381837495217
0.04788212740612632
0.0478804361091954
0.04787874448415942
0.04787705253101837
0.047875360249772264
0.04787366764042109
0.04787197470296486
0.04787028143740356
0.047868587843737195
0.047866893921965775
0.047865199672089284
0.04786350509410773
0.04786181018802111
0.047860114953829434
0.04785841939153269
0.04785672350113088
0.04785502728262401
0.04785333073601207
0.047851633861295075
0.04784993665847301
0.047848239127545884
0.0478465412685137
0.04784484308137644
0.04784314456613412
0.04784144572278674
0.0478397465513343
0.047838047051776786
0.047836347224114215
0.04783464706834658
0.04783294658447388
0.04783124577249612
0.04782954463241329
0.0478278431642254
0.04782614136793245
0.04782443924353443
0.04782273679103135
0.0478210340104232
0.04781933090171
0.047817627464891724
0.047815923699968385
0.04781421960693999
0.04781251518580652
0.047810810436568
0.047809105359224405
0.04780739995377575
0.04780569422022204
0.04780398815856325
0.04780228176879941
0.0478005750509305
0.04779886800495653
0.047797160630877494
0.04779545292869339
0.047793744898404225
0.04779203654001
0.04779032785351071
0.04778861883890636
0.04778690949619694
0.04778519982538246
0.04778348982646291
0.0477817794994383
0.04778006884430863
0.04777835786107389
0.04777664654973409
0.04777493491028923
0.0477732229427393
0.04777151064708431
0.047769798023324254
0.04776808507145914
0.04776637179148895
0.04776465818341371
0.0477629442472334
0.04776122998294803
0.04775951539055759
0.04775780047006209
0.047756085221461526
0.0477543696447559
0.04775265373994521
0.04775093750702945
0.047749220946008634
0.04774750405688275
0.047745786839651805
0.047744069294315794
0.047742351420874726
0.04774063321932859
0.047738914689677385
0.047737195831921125
0.047735476646059795
0.0477337571320934
0.04773203729002195
0.047730317119845427
0.04772859662156385
0.047726875795177204
0.04772515464068549
0.04772343315808872
0.04772171134738688
0.04771998920857998
0.047718266741668014
0.04771654394665099
0.047714820823528896
0.04771309737230174
0.04771137359296952
0.04770964948553224
0.04770792504998989
0.04770620028634248
0.04770447519459001
0.04770274977473247
0.04770102402676987
0.047699297950702206
0.047697571546529476
0.04769584481425168
0.04769411775386883
0.04769239036538091
0.04769066264878793
0.04768893460408988
0.04768720623128677
0.04768547753037859
0.04768374850136536
0.04768201914424706
0.047680289459023695
0.04767855944569526
0.04767682910426177
0.047675098434723215
0.047673367437079596
0.04767163611133091
0.047669904457477166
0.047668172475518356
0.04766644016545448
0.04766470752728554
0.04766297456101154
0.04766124126663247
0.04765950764414835
0.047657773693559155
0.0476560394148649
0.04765430480806558
0.047652569873161195
0.04765083461015175
0.04764909901903724
0.047647363099817666
0.047645626852493024
0.047643890277063325
0.047642153373528555
0.04764041614188873
0.04763867858214384
0.04763694069429388
0.047635202478338856
0.04763346393427877
0.047631725062113627
0.047629985861843416
0.047628247781098164
0.04762651555485044
0.04762478386887589
0.047623052723174526
0.047621322117746334
0.04761959205259133
0.0476178625277095
0.047616133543100854
0.04761440509876538
0.0476126771947031
0.04761094983091399
0.04760922300739806
0.04760749672415532
0.04760577098118575
0.04760404577848936
0.04760232111606615
0.047600596993916125
0.04759887341203928
0.04759715037043561
0.047595427869105124
0.04759370590804782
0.04759198448726369
0.047590263606752746
0.04758854326651498
0.04758682346655039
0.047585104206858984
0.04758338548744076
0.04758166730829571
0.047579949669423846
0.047578232570825156
0.04757651601249965
0.047574799994447324
0.04757308451666818
0.047571369579162213
0.047569655181929425
0.04756794132496982
0.0475662280082834
0.04756451523187015
0.04756280299573008
0.0475610912998632
0.04755938014426949
0.047557669528948965
0.04755595945390162
0.047554249919127455
0.04755254092462646
0.04755083247039866
0.047549124556444035
0.04754741718276259
0.04754571034935432
0.04754400405621924
0.047542298303357336
0.04754059309076861
0.047538888418453065
0.0475371842864107
0.04753548069464151
0.04753377764314551
0.04753207513192268
0.047530373160973034
0.04752867173029657
0.04752697083989329
0.04752527048976318
0.04752357067990626
0.04752187141032251
0.04752017268101195
0.04751847449197456
0.04751677684321036
0.04751507973471933
0.047513383166501486
0.04751168713855682
0.04750999165088534
0.04750829670348703
0.04750660229636191
0.04750490842950997
0.0475032151029312
0.04750152231662562
0.04749983007059321
0.047498138364833985
0.047496447199347945
0.04749475657413508
0.04749306648919539
0.047491376944528894
0.04748968794013557
0.047487999476015424
0.04748631155216846
0.047484624168594676
0.04748293732529407
0.04748125102226665
0.047479565259512406
0.04747788003703134
0.04747619535482346
0.04747451121288875
0.04747282761122723
0.04747114454983889
0.04746946202872372
0.04746778004788174
0.04746609860731294
0.047464417707017315
0.04746273734699487
0.04746105752724561
0.047459378247769524
0.047457699508566625
0.0474560213096369
0.047454343650980356
0.04745266653259699
0.04745098995448681
0.04744931391664981
0.04744763841908599
0.047445963461795346
0.047444289044777876
0.047442615168033594
0.04744094183156249
0.04743926903536457
0.04743759677943983
0.04743592506378827
0.04743425388840988
0.04743258325330468
0.047430913158472664
0.04742924360391382
0.04742757458962816
0.047425906115615674
0.047424238181876376
0.04742257078841025
0.04742090393521731
0.04741923762229755
0.047417571849650966
0.04741590661727756
0.04741424192517734
0.0474125777733503
0.047410914161796436
0.047409251090515754
0.04740758855950825
0.04740592656877393
0.04740426511831279
0.04740260420812483
0.04740094383821005
0.04739928400856845
0.047397624719200025
0.047395965970104786
0.04739430776128272
0.04739265009273384
0.047390992964458145
0.04738933637645562
0.04738768032872628
0.04738602482127012
0.04738436985408714
0.04738271542717734
0.04738106154054072
0.047379408194177276
0.047377755388087014
0.04737610312226993
0.04737445139672603
0.04737280021145531
0.04737114956645777
0.04736949946173341
0.04736784989728223
0.04736620087310423
0.04736455238919941
0.047362904445567774
0.04736125704220931
0.04735961017912403
0.047357963856311934
0.04735631807377301
0.04735467283150727
0.04735302812951471
0.047351383967795334
0.04734974034634913
0.04734809726517611
0.047346454724276274
0.04734481272364961
0.04734317126329613
0.04734153034321583
0.04733988996340872
0.04733825012387478
0.04733661082461402
0.04733497206562644
0.04733333384691204
0.04733169616847082
0.047330059030302775
0.04732842243240792
0.04732678637478624
0.04732515085743774
0.04732351588036242
0.04732188144356028
0.047320247547031326
0.04731861419077554
0.04731698137479295
0.047315349099083526
0.04731371736364729
0.04731208616848423
0.04731045551359435
0.047308825398977655
0.047307195824634135
0.047305566790563795
0.047303938296766636
0.04730231034324266
0.04730068292999186
0.04729905605701424
0.0472974297243098
0.047295803931878544
0.04729417867972047
0.04729255396783557
0.04729092979622385
0.04728930616488531
0.047287683073819954
0.04728606052302778
0.04728443851250878
0.04728281704226296
0.04728119611229032
0.047279575722590866
0.047277955873164586
0.04727633656401149
0.04727471779513157
0.04727309956652483
0.04727148187819128
0.0472698647301309
0.0472682481223437
0.047266632054829685
0.04726501652758885
0.04726340154062119
0.04726178709392671
0.047260173187505417
0.0472585598213573
0.047256946995482364
0.04725533470988061
0.04725372296455203
0.04725211175949663
0.04725050109471442
0.047248890970205376
0.04724728138596952
0.04724567234200684
0.04724406383831735
0.04724245587490103
0.0472408484517579
0.04723924156888794
0.04723763522629116
0.04723602942396757
0.04723442416191715
0.04723281944013991
0.047231215258635856
0.04722961161740498
0.04722800851644728
0.04722640595576277
0.04722480393535143
0.047223202455213276
0.0472216015153483
0.047220001115756506
0.047218401256437885
0.04721680193739245
0.0472152031586202
0.04721360492012112
0.047212007221895225
0.04721041006394251
0.04720881344626297
0.047207217368856615
0.04720562183172344
0.047204026834863445
0.047202432378276635
0.047200838461963
0.04719924508592254
0.047197652250155264
0.04719605995466117
0.04719446819944025
0.04719287698449252
0.04719128630981796
0.04718969617541659
0.04718810658128839
0.04718651752743338
0.047184929013851545
0.04718334104054289
0.04718175360750741
0.04718016671474512
0.04717858036225601
0.04717699455004007
0.04717540927809732
0.04717382454642774
0.04717224035503135
0.04717065670390813
0.0471690735930581
0.047167491022481245
0.04716590899217757
0.04716432750214707
0.047162746552389764
0.04716116614290563
0.047159586273694674
0.0471580069447569
0.047156428156092306
0.04715484990770089
0.04715327219958266
0.047151695031737606
0.04715011840416573
0.047148542316867034
0.04714696676984152
0.04714539176308919
0.04714381729661003
0.04714224337040406
0.04714066998447127
0.047139097138811654
0.047137524833425225
0.04713595306831197
0.04713438184347189
0.047132811158905004
0.04713124101461129
0.047129671410590754
0.0471281023468434
0.04712653382336923
0.04712496584016824
0.047123398397240425
0.04712183149458579
0.04712026513220434
0.04711869931009607
0.04711713402826097
0.047115569286699056
0.047114005085410325
0.047112441424394774
0.047110878303652404
0.04710931572318321
0.0471077536829872
0.04710619218306436
0.04710463122341471
0.047103070804038236
0.04710151092493495
0.04709995158610483
0.047098392787547905
0.04709683452926415
0.04709527681125358
0.04709371963351618
0.04709216299605197
0.047090606898860944
0.04708905134194309
0.04708749632529842
0.04708594184892693
0.04708438791282862
0.047082834517003486
0.04708128166145153
0.04707972934617276
0.04707817757116717
0.04707662633643476
0.04707507564197552
0.047073525487789473
0.0470719758738766
0.04707042680023691
0.047068878266870395
0.04706733027377707
0.047065782820956914
0.04706423590840995
0.047062689536136154
0.04706114370413554
0.04705959841240811
0.047058053660953864
0.04705650944977279
0.0470549657788649
0.04705342264823019
0.04705188005786866
0.04705033800778031
0.04704879649796514
0.04704725552842315
0.04704571509915433
0.047044175210158704
0.047042635861436255
0.04704109705298699
0.04703955878481089
0.047038021056907985
0.04703648386927825
0.047034947221921704
0.04703341111483833
0.047031875548028144
0.04703034052149113
0.0470288060352273
0.047027272089236655
0.04702573868351918
0.04702420581807489
0.04702267349290378
0.04702114170800585
0.0470196104633811
0.04701807975902953
0.04701654959495114
0.04701501997114593
0.047013490887613904
0.047011962344355056
0.04701043434136939
0.04700890687865689
0.047007379956217586
0.04700585357405146
0.047004327732158506
0.04700280243053874
0.04700127766919215
0.04699975344811874
0.04699822976731851
0.046996706626791465
0.046995184026537594
0.0469936619665569
0.0469921404468494
0.04699061946741507
0.04698909902825392
0.04698757912936595
0.04698605977075116
0.04698454095240955
0.046983022674341124
0.046981504936545876
0.04697998773902381
0.04697847108177492
0.04697695496479921
0.04697543938809668
0.046973924351667334
0.04697240985551117
0.046970895899628176
0.04696938248401837
0.04696786960868174
0.046966357273618295
0.046964845478828024
0.04696333422431094
0.04696182351006703
0.0469603133360963
0.04695880370239875
0.04695729460897439
0.0469557860558232
0.04695427804294519
0.04695277057034036
0.046951263638008715
0.04694975724595025
0.04694825139416496
0.046946746082652854
0.04694524131141393
0.046943737080448175
0.04694223338975561
0.046940730239336224
0.04693922762919002
0.04693772555931699
0.046936224029717144
0.04693472304039047
0.04693322259133699
0.04693172268255668
0.04693022331404956
0.04692872448581561
0.04692722619785484
0.04692572845016725
0.04692423124275285
0.04692273457561162
0.046921238448743574
0.04691974286214871
0.04691824781582702
0.046916753309778514
0.04691525934400319
0.04691376591850104
0.04691227303327208
0.04691078068831629
0.04690928888363368
0.046907797619224256
0.04690630689508801
0.04690481671122494
0.04690332706763506
0.046901837964318356
0.04690034940127483
0.046898861378504485
0.046897373896007316
0.04689588695378333
0.04689440055183253
0.0468929146901549
0.04689142936875045
0.046889944587619185
0.0468884603467611
0.0468869766461762
0.046885493485864474
0.04688401086582593
0.04688252878606056
0.04688104724656837
0.04687956624734937
0.046878085788403544
0.0468766058697309
0.04687512649133144
0.04687364765320515
0.046872169355352045
0.04687069159777212
0.046869214380465374
0.04686773770343181
0.046866261566671424
0.04686478597018422
0.046863310913970196
0.04686183639802935
0.04686036242236169
0.046858888986967204
0.0468574160918459
0.04685594373699777
0.04685447192242283
0.04685300064812106
0.04685152991409248
0.046850059720337074
0.04684859006685485
0.04684712095364581
0.046845652380709944
0.04684418434804726
0.04684271685565775
0.04684124990354143
0.04683978349169829
0.04683831762012832
0.04683685228883154
0.04683538749780793
0.04683392324705751
0.046832459536580266
0.04683099636637621
0.04682953373644532
0.046828071646787615
0.0468266100974031
0.04682514908829175
0.04682368861945359
0.046822228690888604
0.0468207693025968
0.04681931045457818
0.046817852146832734
0.04681639437936047
0.04681493715216139
0.04681348046523549
0.046812024318582765
0.04681056871220322
0.046809113646096856
0.046807659120263675
0.04680620513470367
0.04680475168941685
0.0468032987844032
0.04680184641966274
0.04680039459519546
0.04679894331100136
0.046797492567080434
0.04679604236343269
0.04679459976392893
0.046793162839693
0.046791727105079804
0.04679029256008934
0.04678885920472161
0.04678742703897661
0.04678599606285435
0.04678456627635482
0.046783137679478025
0.04678171027222396
0.046780284054592634
0.046778859026584046
0.046777435188198185
0.04677601253943506
0.046774591080294664
0.046773170810777004
0.046771751730882084
0.04677033384060989
0.04676891713996043
0.046767501628933714
0.04676608730752972
0.046764674175748464
0.046763262233589946
0.046761851481054155
0.0467604419181411
0.04675903354485078
0.04675762636118319
0.04675622036713834
0.04675481556271622
0.04675341194791684
0.04675200952274018
0.04675060828718627
0.046749208241255086
0.04674780938494663
0.04674641171826092
0.04674501524119794
0.046743619953757684
0.04674222585594017
0.04674083294774539
0.04673944122917334
0.04673805070022403
0.04673666136089745
0.046735273211193605
0.046733886251112494
0.04673250048065411
0.046731115899818466
0.046729732508605556
0.04672835030701538
0.04672696929504794
0.04672558947270323
0.04672421083998125
0.04672283339688201
0.046721457143405504
0.04672008207955173
0.04671870820532069
0.04671733552071238
0.04671596402572681
0.046714593720363976
0.04671322460462387
0.0467118566785065
0.04671048994201186
0.04670912439513995
0.04670776003789079
0.04670639687026435
0.04670503489226065
0.046703674103879676
0.046702314505121446
0.04670095609598594
0.046699598876473174
0.046698242846583145
0.04669688800631584
0.04669553435567128
0.046694181894649446
0.04669283062325035
0.046691480541473984
0.04669013164932036
0.04668878394678946
0.0466874374338813
0.046686092110595864
0.04668474797693317
0.046683405032893206
0.04668206327847598
0.04668072271368149
0.04667938333850973
0.0466780451529607
0.04667670815703441
0.046675372350730854
0.04667403773405003
0.046672704306991934
0.04667137206955658
0.046670041021743956
0.04666871116355407
0.04666738249498691
0.04666605501604249
0.0466647287267208
0.04666340362702184
0.04666207971694562
0.046660756996492136
0.046659435465661384
0.046658115124453364
0.046656795972868086
0.046655478010905534
0.046654161238565715
0.04665284565584863
0.04665153126275428
0.04665021805928266
0.04664890604543378
0.04664759522120763
0.04664628558660422
0.046644977141623536
0.04664366988626559
0.04664236382053037
0.0466410589444179
0.04663975525792815
0.046638452761061135
0.04663715145381686
0.046635851336195314
0.04663455240819651
0.04663325466982043
0.04663195812106708
0.046630662761936476
0.0466293685924286
0.04662807561254346
0.046626783822281054
0.046625493221641376
0.04662420381062444
0.04662291558923023
0.04662162855745876
0.04662034271531002
0.04661905806278401
0.04661777459988074
0.04661649232660021
0.0466152112429424
0.04661393134890733
0.046612652644494997
0.046611375129705396
0.04661009880453853
0.04660882366899439
0.04660754972307299
0.04660627696677432
0.04660500540009839
0.04660373502304519
0.046602465835614726
0.046601197837806994
0.046599931029621997
0.04659866541105973
0.0465974009821202
0.046596137742803405
0.04659487569310934
0.04659361483303801
0.046592355162589416
0.046591096681763554
0.04658983939056043
0.04658858328898004
0.046587328377022376
0.04658607465468745
0.046584822121975254
0.0465835707788858
0.046582320625419074
0.04658107166157508
0.04657982388735383
0.0465785773027553
0.04657733190777951
0.04657608770242646
0.046574844686696135
0.04657360286058855
0.04657236222410369
0.046571122777241576
0.046569884520002186
0.046568647452385536
0.046567411574391614
0.04656617688602043
0.046564943387271976
0.04656371107814626
0.04656247995864327
0.046561250028763025
0.04656002128850551
0.046558793737870724
0.04655756737685868
0.046556342205469364
0.046555118223702785
0.04655389543155894
0.04655267382903782
0.04655145341613944
0.0465502341928638
0.046549016159210886
0.04654779931518071
0.046546583660773265
0.046545369195988555
0.04654415592082658
0.046542943835287336
0.046541732939370827
0.04654052323307705
0.04653931471640601
0.0465381073893577
0.046536901251932127
0.046535696304129286
0.04653449254594918
0.046533289977391805
0.046532088598457165
0.046530888409145266
0.04652968940945609
0.046528491599389654
0.04652729497894595
0.04652609954812498
0.046524905306926746
0.04652371225535124
0.04652252039339847
0.04652132972106844
0.04652014023836114
0.046518951945276575
0.04651776484181474
0.04651657892797564
0.046515394203759275
0.04651421066916564
0.046513028324194745
0.046511847168846585
0.04651066720312115
0.04650948842701846
0.04650831084053849
0.046507134443681264
0.04650595923644677
0.046504785218835006
0.04650361239084598
0.04650244075247969
0.046501270303736124
0.0465001010446153
0.04649893297511721
0.04649776609524185
0.04649660040498922
0.04649543590435933
0.046494272593352176
0.046493110471967754
0.046491949540206065
0.04649078979806711
0.04648963124555089
0.0464884738826574
0.04648731770938665
0.046486162725738626
0.04648500893171334
0.04648385632731079
0.04648270491253097
0.04648155468737388
0.04648040565183953
0.04647925780592791
0.046478111149639026
0.04647696568297288
0.046475821405929464
0.04647467831850878
0.04647353642071083
0.046472395712535614
0.04647125619398314
0.04647011786505339
0.04646898072574637
0.0464678447760621
0.04646671001600055
0.04646557644556174
0.04646444406474566
0.046463312873552313
0.04646218287198171
0.04646105406003383
0.04645992643770869
0.046458800005006275
0.0464576747619266
0.04645655070846966
0.04645542784463545
0.04645430617042398
0.04645318568583524
0.04645206639086923
0.04645094828552596
0.04644983136980542
0.046448715643707617
0.04644760110723255
0.04644648776038021
0.0464453756031506
0.046444264635543735
0.0464431548575596
0.0464420462691982
0.04644093887045953
0.0464398326613436
0.04643872764185039
0.046437623811979925
0.04643652117173219
0.04643541972110719
0.04643431946010493
0.046433220388725396
0.0464321225069686
0.046431025814834534
0.04642993031232321
0.04642883599943461
0.04642774287616875
0.04642665094252562
0.046425560198505224
0.04642447064410756
0.04642338227933264
0.046422295104180444
0.04642120911865098
0.046420124322744255
0.04641904071646027
0.04641795829979901
0.04641687707276048
0.046415797035344694
0.046414718187551635
0.04641364052938131
0.04641256406083372
0.046411488781908865
0.04641041469260675
0.046409341792927356
0.046408270082870705
0.04640719956243678
0.0464061302316256
0.04640506209043714
0.046403995138871425
0.04640292937692844
0.04640186480460819
0.04640080142191067
0.04639973922883589
0.046398678225383835
0.04639761841155452
0.04639655978734794
0.046395502352764094
0.04639444610780298
0.046393391052464594
0.04639233718674895
0.046391284510656036
0.04639023302418586
0.04638918272733841
0.0463881336201137
0.046387085702511724
0.04638603897453248
0.04638499343617597
0.04638394908744219
0.04638290592833115
0.04638186395884284
0.046380823178977265
0.04637978358873442
0.046378745188114315
0.04637770797711694
0.0463766719557423
0.0463756371239904
0.046374603481861225
0.046373571029354785
0.04637253976647108
0.04637150969321011
0.04637048080957187
0.04636945311555637
0.0463684266111636
0.046367401296393565
0.04636637717124626
0.0463653542357217
0.04636433248981986
0.04636331193354076
0.04636229256688439
0.046361274389850764
0.04636025740243986
0.0463592416046517
0.046358226996486264
0.04635721357794357
0.0463562013490236
0.046355190309726374
0.04635418046005188
0.04635317180000011
0.04635216432957109
0.046351158048764794
0.04635015295758123
0.0463491490560204
0.04634814634408231
0.04634714482176695
0.04634614448907433
0.04634514534600443
0.046344147392557274
0.04634315062873285
0.04634215505453116
0.046341160669952204
0.04634016747499598
0.04633917546966249
0.04633818465395174
0.046337195027863716
0.04633620659139843
0.046335219344555874
0.04633423328733605
0.046333248419738966
0.04633226474176461
0.04633128225341299
0.046330300954684114
0.04632932084557796
0.04632834192609454
0.04632736419623386
0.04632638765599591
0.046325412305380696
0.04632443814438821
0.04632346517301846
0.04632249339127145
0.04632152279914717
0.04632055339664562
0.04631958518376681
0.04631861816051073
0.04631765232687739
0.04631668768286677
0.0463157242284789
0.04631476196371375
0.046313800888571344
0.046312841003051664
0.046311882307154724
0.04631092480088051
0.04630996848422904
0.0463090133572003
0.04630805941979429
0.04630710667201102
0.04630615511385048
0.04630520474531267
0.0463042555663976
0.04630330757710526
0.04630236077743566
0.04630141516738879
0.046300470746964646
0.046299527516163244
0.046298585474984576
0.04629764462342864
0.04629670496149544
0.04629576648918497
0.04629482920649724
0.04629389311343224
0.04629295820998997
0.04629202449617044
0.04629109197197364
0.046290160637399574
0.04628923049244824
0.046288301537119644
0.04628737377141378
0.046286447195330656
0.04628552180887026
0.046284597612032595
0.046283674604817665
0.046282752787225476
0.04628183215925601
0.046280912720909284
0.04627999447218529
0.046279077413084034
0.046278161543605506
0.04627724686374971
0.04627633337351666
0.04627542107290633
0.046274509961918744
0.046273600040553885
0.046272691308811766
0.04627178376669237
0.04627087741419572
0.046269972251321796
0.04626906827807061
0.04626816549444216
0.04626726390043644
0.04626636349605345
0.046265464281293196
0.04626456625615568
0.0462636694206409
0.04626277377474885
0.046261879318479526
0.046260986051832945
0.0462600939748091
0.04625920308740798
0.0462583133896296
0.04625742488147395
0.046256537562941034
0.046255651434030855
0.04625476649474341
0.046253882745078696
0.04625300018503672
0.04625211881461747
0.04625123863382096
0.04625035964264718
0.04624948184109614
0.04624860522916783
0.04624772980686225
0.046246855574179416
0.046245982531119306
0.04624511067768193
0.04624424001386729
0.04624337053967538
0.04624250225510621
0.04624163516015977
0.04624076925483606
0.04623990453913509
0.046239041013056856
0.04623817867660135
0.046237317529768576
0.046236457572558544
0.04623559880497124
0.04623474122700667
0.046233884838664835
0.04623302963994574
0.046232175630849366
0.046231322811375736
0.04623047118152483
0.04622962074129667
0.04622877149069123
0.04622792342970854
0.046227076558348575
0.04622623087661134
0.046225386384496844
0.04622454308200508
0.04622370096913605
0.046222860045889755
0.046222020312266195
0.04622118176826537
0.04622034441388727
0.04621950824913191
0.04621867327399928
0.04621783948848939
0.04621700689260223
0.04621617548633781
0.04621534526969612
0.04621451624267716
0.04621368840528094
0.04621286175750745
0.04621203629935669
0.04621121203082867
0.04621038895192338
0.04620956706264082
0.046208746362981
0.04620792685294391
0.04620710853252956
0.04620629140173794
0.0462054755333354
0.04620467283681499
0.04620387166582831
0.04620307202037535
0.04620227390045612
0.04620147730607062
0.046200682237218835
0.04619988869390078
0.04619909667611645
0.04619830618386585
0.046197517217148966
0.04619672977596581
0.046195943860316384
0.04619515947020068
0.0461943766056187
0.04619359526657045
0.04619281545305592
0.04619203716507512
0.04619126040262804
0.04619048516571469
0.04618971145433506
0.04618893926848916
0.04618816860817698
0.046187399473398526
0.0461866318641538
0.0461858657804428
0.046185101222265525
0.046184338189621976
0.04618357668251215
0.04618281670093605
0.04618205824489367
0.046181301314385026
0.0461805459094101
0.0461797920299689
0.04617903967606143
0.04617828884768768
0.04617753954484766
0.04617679176754136
0.04617604551576878
0.04617530078952994
0.04617455758882481
0.04617381591365342
0.04617307576401574
0.0461723371399118
0.046171600041341576
0.04617086446830508
0.046170130420802306
0.04616939789883326
0.04616866690239794
0.046167937431496345
0.04616720948612848
0.04616648306629433
0.04616575817199391
0.046165034803227215
0.04616431295999425
0.046163592642295005
0.04616287385012949
0.04616215658349769
0.04616144084239962
0.04616072662683528
0.04616001393680466
0.046159302772307766
0.046158593133344604
0.04615788501991516
0.04615717843201944
0.046156473369657454
0.04615576983282919
0.04615506782153464
0.04615436733577383
0.046153668375546734
0.04615297094085337
0.04615227503169373
0.04615158064806781
0.04615088778997563
0.046150196457417164
0.04614950665039242
0.04614881836890141
0.04614813161294412
0.04614744638252055
0.046146762677630716
0.0461460804982746
0.04614539984445221
0.04614472071616355
0.04614404311340862
0.046143367036187405
0.04614269248449992
0.04614201945834615
0.04614134795772612
0.04614067798263981
0.04614000953308722
0.04613934260906836
0.04613867721058323
0.04613801333763182
0.04613735099021413
0.04613669016833017
0.046136030871979934
0.046135373101163425
0.04613471685588064
0.04613406213613158
0.04613340894191625
0.04613275727323464
0.04613210713008675
0.0461314585124726
0.046130811420392166
0.04613016585384546
0.046129521812832475
0.046128879297353216
0.046128238307407685
0.04612759884299588
0.046126960904117796
0.04612632449077344
0.04612568960296281
0.046125056240685906
0.046124424403942724
0.04612379409273327
0.04612316530705754
0.04612253804691553
0.04612191231230726
0.046121288103232704
0.04612066541969187
0.04612004426168477
0.04611942462921139
0.04611880652227174
0.046118189940865806
0.04611757488499361
0.04611696135465513
0.04611634934985037
0.04611573887057935
0.046115129916842044
0.04611452248863847
0.04611391658596862
0.04611331220883249
0.04611270935723009
0.04611210803116141
0.046111508230626465
0.04611090995562524
0.04611031320615774
0.04610971798222396
0.04610912428382392
0.04610853211095759
0.04610794146362499
0.04610735234182611
0.04610676474556097
0.046106178674829544
0.04610559412963185
0.046105011109967876
0.046104429615837626
0.0461038496472411
0.04610327120417831
0.04610269428664923
0.04610211889465388
0.04610154502819226
0.04610097268726437
0.0461004018718702
0.04609983258200975
0.04609926481768303
0.046098698578890034
0.04609813386563077
0.04609757067790522
0.0460970090157134
0.046096448879055306
0.046095890267930935
0.04609533318234029
0.046094777622283374
0.04609422358776018
0.046093671078770715
0.046093120095314966
0.04609257063739295
0.046092022705004655
0.046091476298150094
0.046090931416829246
0.04609038806104213
0.04608984623078874
0.04608930592606907
0.04608876714688313
0.046088229893230914
0.04608769416511242
0.04608715996252766
0.04608662728547662
0.0460860961339593
0.04608556650797571
0.04608503840752585
0.04608451183260971
0.046083986783227296
0.04608346325937861
0.046082941261063645
0.046082420788282404
0.04608190184103489
0.0460813844193211
0.04608086852314104
0.0460803541524947
0.046079841307382095
0.0460793299878032
0.046078820193758044
0.046078311925246605
0.046077805182268894
0.04607729996482491
0.046076796272914645
0.046076294106538115
0.046075793465695306
0.046075294350386216
0.04607479676061086
0.046074300696369225
0.04607380615766131
0.04607331314448713
0.04607282165684667
0.04607233169473993
0.04607184325816693
0.04607135634712765
0.04607087096162209
0.046070387101650255
0.04606990476721214
0.046069423958307765
0.04606894467493711
0.046068466917100176
0.046067990684796965
0.04606751597802749
0.04606704279679173
0.046066571141089696
0.046066101010921394
0.04606563240628681
0.04606516532718596
0.04606469977361883
0.04606423574558542
0.04606377324308574
0.04606331226611979
0.04606285281468756
0.046062394888789056
0.04606193848842428
0.046061483613593225
0.046061030264295894
0.04606057844053229
0.04606012814230241
0.04605967936960626
0.04605923212244383
0.046058786400815135
0.04605834220472015
0.046057899534158904
0.046057458389131375
0.046057018769637574
0.0460565806756775
0.04605614410725115
0.046055709064358526
0.046055275546999626
0.046054843555174446
0.046054413088883
0.046053984148125275
0.04605355673290128
0.046053130843211
0.046052706479054455
0.04605228364043163
0.046051862327342534
0.04605144253978716
0.04605102427776551
0.046050607541277586
0.04605019233032339
0.046049778644902915
0.04604936648501617
0.04604895585066315
0.04604854674184385
0.04604813915855828
0.04604773310080643
0.046047328568588314
0.04604692556190392
0.04604652408075325
0.046046124125136305
0.04604572569505308
0.04604532879050359
0.04604493341148782
0.046044539558005776
0.04604414723005746
0.046043756427642864
0.046043367150761995
0.04604297939941485
0.04604259317360143
0.04604220847332174
0.04604182529857577
0.04604144364936353
0.046041063525685016
0.046040684927540224
0.04604030785492916
0.04603993230785181
0.046039558286308194
0.04603918579029831
0.04603881481982214
0.0460384453748797
0.046038077455470984
0.046037711061595994
0.04603734619325473
0.04603698285044719
0.046036621033173374
0.046036260741433285
0.046035901975226924
0.04603554473455428
0.04603518901941537
0.04603483482981018
0.04603448216573872
0.046034131027200983
0.04603378141419697
0.046033433326726686
0.04603308676479012
0.04603274172838728
0.04603239821751817
0.04603205623218279
0.046031715772381125
0.04603137683811319
0.04603103942937898
0.04603070354617849
0.046030369188511736
0.0460300363563787
0.046029705049779386
0.046029375268713806
0.046029047013181945
0.04602872028318381
0.0460283950787194
0.04602807139978872
0.04602774924639176
0.04602742861852853
0.04602710951619902
0.04602679193940323
0.046026475888141176
0.046026161362412846
0.04602584836221824
0.04602553688755736
0.046025226938430204
0.04602491851483677
0.04602461161677707
0.046024306244251086
0.046024002397258824
0.0460237000758003
0.04602339927987549
0.04602310000948441
0.04602280226462706
0.046022506045303425
0.04602221135151353
0.04602191818325735
0.04602162654053489
0.04602133642334616
0.04602104783169116
0.04602076076556988
0.04602047522498233
0.0460201912099285
0.0460199087204084
0.04601962775642202
0.04601934831796937
0.04601907040505045
0.04601879401766524
0.046018519155813765
0.04601824581949601
0.04601797400871199
0.046017703723461686
0.046017434963745114
0.04601716772956226
0.04601690202091314
0.04601663783779774
0.04601637518021606
0.04601611404816811
0.04601585444165389
0.04601559636067339
0.04601533980522662
0.04601508477531357
0.046014831270934246
0.04601457929208865
0.04601432883877678
0.04601407991099863
0.04601383250875421
0.04601358663204351
0.04601334228086654
0.04601309945522329
0.04601285815511377
0.046012618380537974
0.0460123801314959
0.04601214340798756
0.04601190821001294
0.046011674537572045
0.046011442390664875
0.04601121176929143
0.04601098267345171
0.046010755103145715
0.046010529058373446
0.046010304539134905
0.046010081545430084
0.04600986007725899
0.046009640134621624
0.046009421717517984
0.046009204825948065
0.04600898945991187
0.04600877561940941
0.04600856330444066
0.046008352515005645
0.046008143251104354
0.04600793551273679
0.04600772929990295
0.04600752461260283
0.04600732145083644
0.04600711981460378
0.04600691970390484
0.04600672111873962
0.046006524059108135
0.04600632852501037
0.04600613451644633
0.046005942033416014
0.04600575107591943
0.04600556164395656
0.04600537373752742
0.04600518735663201
0.04600500250127033
0.04600481917144236
0.046004637367148125
0.046004457088387615
0.046004278335160825
0.04600410110746776
0.04600392540530843
0.04600375122868282
0.04600357857759093
0.04600340745203277
0.046003237852008334
0.04600306977751763
0.04600290322856064
0.04600273820513738
0.04600257470724785
0.046002412734892036
0.04600225228806995
0.04600209336678159
0.04600193597102696
0.04600178010080605
0.046001625756118866
0.04600147293696541
0.04600132164334568
0.04600117187525967
0.04600102363270739
0.04600087691568883
0.046000731724204
0.04600058805825289
0.04600044591783551
0.046000305302951856
0.04600016621360192
0.04600002864978572
0.04599989261150324
0.045999758098754485
0.045999625111539454
0.04599949364985815
0.04599936371371057
0.045999235303096714
0.045999108418016584
0.04599898305847018
0.045998859224457504
0.04599873691597855
0.04599861613303332
0.04599849687562182
0.04599837914374404
0.04599826293739999
0.04599814825658966
0.04599803510131306
0.04599792347157018
0.04599781336736103
0.0459977047886856
0.045997597735543905
0.045997492207935926
0.045997388205861675
0.04599728572932115
0.045997184778314354
0.04599708535284128
0.04599698745290193
0.045996891078496305
0.0459967962296244
0.04599670290628623
0.04599661110848178
0.04599652083621106
0.04599643208947406
0.04599634486827078
0.04599625917260124
0.04599617500246541
0.04599609235786332
0.045996011238794945
0.04599593164526029
0.045995853577259375
0.04599577703479218
0.04599570201785871
0.04599562852645896
0.04599555656059294
0.045995486120260644
0.045995417205462075
0.045995349816197226
0.04599528395246611
0.045995219614268716
0.04599515680160504
0.0459950955144751
0.04599503575287888
0.04599497751681639
0.045994920806287615
0.045994865621292576
0.04599481196183126
0.045994759827903665
0.045994709219509794
0.04599466013664965
0.04599461257932323
0.04599456654753054
0.04599452204127157
0.04599447906054634
0.045994437605354814
0.045994397675697025
0.04599435927157296
0.045994322392982616
0.045994287039926
0.045994253212403115
0.04599422091041395
0.04599419013395851
0.045994160883036796
0.0459941331576488
0.04599410695779454
0.045994082283474
0.04599405913468719
0.0459940375114341
0.045994017413714734
0.0459939988415291
0.04599398179487718
0.045993966273759
0.04599395227817454
0.045993939808123795
0.04599392886360679
0.0459939194446235
0.04599391155117394
0.0459939051832581