0.0462493349620983
0.04624933261706537
0.046249328699737254
0.04624932321011394
0.04624931614819545
0.04624930751398177
0.046249297307472896
0.04624928552866884
0.0462492721775696
0.04624925725417516
0.04624924075848554
0.04624922269050073
0.04624920305022074
0.04624918183764555
0.04624915905277518
0.04624913469560962
0.04624910876614887
0.046249081264392936
0.04624905219034181
0.0462490215439955
0.046248989325354005
0.04624895553441732
0.04624892017118544
0.04624888323565838
0.04624884472783613
0.04624880464771869
0.046248762995306066
0.04624871977059825
0.04624867497359525
0.04624862860429706
0.04624858066270368
0.046248531148815115
0.04624848006263137
0.04624842740415242
0.04624837317337829
0.04624831737030898
0.046248259994944474
0.04624820104728478
0.0462481405273299
0.04624807843507984
0.046248014770534585
0.04624794953369414
0.04624788272455851
0.04624781434312769
0.046247744389401685
0.04624767286338049
0.0462475997650641
0.046247525094452534
0.046247448851545775
0.04624737103634383
0.0462472916488467
0.04624721068905438
0.04624712815696687
0.046247044052584174
0.04624695837590629
0.046246871126933216
0.04624678230566495
0.046246691912101505
0.04624659994624287
0.04624650640808905
0.04624641129764004
0.04624631461489584
0.04624621635985645
0.04624611653252187
0.04624601513289211
0.04624591216096716
0.04624580761674702
0.046245701500231697
0.04624559381142118
0.04624548455031548
0.04624537371691459
0.04624526131121851
0.04624514733322725
0.046245031782940794
0.046244914660359154
0.046244795965482324
0.04624467569831031
0.04624455385884311
0.046244430447080716
0.04624430546302313
0.04624417890667037
0.04624405077802241
0.04624392107707927
0.04624378980384094
0.046243656958307414
0.04624352254047871
0.046243386550354815
0.046243248987935734
0.04624310985322146
0.046242969146212
0.04624282686690736
0.046242683015307526
0.0462425375914125
0.046242390595222296
0.0462422420267369
0.046242091885956314
0.04624194017288054
0.04624178688750958
0.04624163202984343
0.0462414755998821
0.04624131759762557
0.04624115802307386
0.04624099687622696
0.046240834157084874
0.0462406698656476
0.046240504001915136
0.04624033656588749
0.046240167557564646
0.04623999697694662
0.04623982482403341
0.046239651098825
0.046239475801321414
0.04623929893152264
0.04623912048942867
0.04623894047503952
0.04623875888835518
0.04623857572937565
0.04623839099810093
0.04623820469453103
0.04623801681866594
0.046237827370505656
0.04623763635005019
0.04623744375729953
0.04623724959225369
0.04623705385491266
0.04623685654527644
0.04623665766334503
0.04623645720911844
0.04623625518259666
0.046236051583779685
0.04623584641266753
0.046235639669260184
0.04623543135355765
0.04623522146555993
0.046235010005267016
0.046234796972678925
0.04623458236779564
0.04623436619061717
0.046234148441143506
0.046233929119374656
0.04623370822531062
0.04623348575895139
0.046233261720296986
0.046233036109347384
0.0462328089261026
0.04623258017056262
0.04623234984272746
0.04623211794259711
0.04623188447017157
0.04623164942545084
0.04623141280843493
0.04623117461912383
0.04623093485751754
0.046230693523616063
0.04623045061741939
0.046230206138927546
0.0462299600881405
0.046229712465058276
0.04622946326968086
0.04622921250200825
0.04622896016204046
0.04622870624977748
0.046228450765219316
0.04622819370836596
0.046227935079217415
0.04622767487777368
0.04622741310403476
0.04622714975800066
0.04622688483967136
0.04622661834904688
0.04622635028612721
0.046226080650912355
0.04622580944340231
0.04622553666359707
0.04622526231149665
0.04622498638710104
0.04622470889041024
0.04622442982142426
0.04622414918014309
0.046223866966566725
0.04622358318069518
0.046223297822528445
0.04622301089206652
0.046222722389309405
0.04622243231425711
0.04622214066690962
0.04622184744726694
0.04622155265532908
0.04622125629109603
0.04622095835456779
0.04622065884574437
0.046220357764625755
0.04622005511121195
0.04621975088550296
0.046219445087498784
0.04621913771719942
0.04621882877460486
0.046218518259715125
0.046218206172530196
0.04621789251305008
0.04621757728127478
0.046217260477204286
0.046216942100838605
0.046216622152177735
0.04621630063122168
0.04621597753797044
0.046215652872424004
0.04621532663458239
0.04621499882444558
0.046214669442013585
0.046214338487286406
0.04621400596026403
0.04621367186094647
0.04621333618933373
0.0462129989454258
0.04621266012922268
0.046212319740724365
0.04621197777993087
0.04621163424684218
0.04621128914145831
0.04621094246377925
0.046210594213805
0.046210244391535565
0.046209892996970946
0.04620954003011113
0.04620918549095613
0.04620882937950595
0.04620847169576057
0.046208112439720006
0.046207751611384254
0.04620738921075332
0.046207025237827194
0.04620665969260588
0.046206292575089375
0.04620592388527769
0.04620555362317081
0.04620518178876874
0.04620480838207149
0.046204433403079045
0.04620405685179142
0.0462036787282086
0.0462032990323306
0.04620291776415741
0.046202534923689025
0.04620215051092546
0.046201764525866704
0.04620137696851276
0.04620098783886363
0.04620059713691931
0.046200204862679804
0.046199811016145106
0.046199415597315226
0.046199018606190155
0.0461986200427699
0.04619821990705445
0.04619781819904382
0.046197414918738
0.04619701006613699
0.04619660364124079
0.046196195644049406
0.04619578607456284
0.04619537493278107
0.04619496152195735
0.04619454384077027
0.046194124717699535
0.04619370415274515
0.046193282145907115
0.04619285869718543
0.0461924338065801
0.046192007474091114
0.04619157969971848
0.046191150483462194
0.04619071982532226
0.04619028772529867
0.046189854183391436
0.04618941919960055
0.04618898277392601
0.04618854490636782
0.04618810559692599
0.046187664845600496
0.046187222652391356
0.04618677901729857
0.04618633394032213
0.04618588742146204
0.0461854394607183
0.04618499005809091
0.04618453921357987
0.04618408692718518
0.04618363319890684
0.046183178028744845
0.046182721416699206
0.04618226336276991
0.04618180386695697
0.04618134292926038
0.046180880549680135
0.04618041672821624
0.046179951464868696
0.046179484759637505
0.04617901661252266
0.04617854702352416
0.046178075992642016
0.04617760351987622
0.046177129605226776
0.04617665424869368
0.04617617745027693
0.04617569920997654
0.046175219527792494
0.0461747384037248
0.046174255837773445
0.04617377182993845
0.0461732863802198
0.0461727994886175
0.046172311155131554
0.04617182137976195
0.046171330162508704
0.0461708375033718
0.04617034340235125
0.046169847859447055
0.046169350874659204
0.0461688524479877
0.046168352579432546
0.04616785126899375
0.04616734851667129
0.04616684432246519
0.04616633868637544
0.046165831608402035
0.046165323088544985
0.04616481312680428
0.046164301723179924
0.04616378887767192
0.046163274590280266
0.04616275886100496
0.046162241689846006
0.0461617230768034
0.046161203021877144
0.046160681525067235
0.04616015858637368
0.04615963420579647
0.04615910838333561
0.046158581118991106
0.04615805241276295
0.04615752226465114
0.04615699067465568
0.04615645764277657
0.04615592316901381
0.0461553872533674
0.04615484989583734
0.04615431109642363
0.04615377085512627
0.04615322917194526
0.046152686046880595
0.04615214147993229
0.04615159547110032
0.046151048020384715
0.046150499127785446
0.04614994879330254
0.046149397016935975
0.04614884379868576
0.046148289138551894
0.04614773303653438
0.04614717549263322
0.0461466165068484
0.04614605607917994
0.04614549420962782
0.046144930898192056
0.04614436614487264
0.04614379994966957
0.046143232312582855
0.046142663233612484
0.046142092712758466
0.0461415207500208
0.04614094734539948
0.046140372498894515
0.046139796210505894
0.046139218480233626
0.046138639308077704
0.046138058694038135
0.04613747663811492
0.04613689314030805
0.04613630820061752
0.04613572181904335
0.04613513399558553
0.04613454473024406
0.04613395402301894
0.046133361873910164
0.04613276828291774
0.046132173250041666
0.04613157677528194
0.04613097885863857
0.04613037950011155
0.04612977869970087
0.046129176457406544
0.04612857277322857
0.046127967647166944
0.04612736107922167
0.04612675306939274
0.046126143617680165
0.04612553272408394
0.046124920388604065
0.046124306611240534
0.046123691391993356
0.04612307473086253
0.04612245662784805
0.046121837082949924
0.04612121609616814
0.046120593667502714
0.04611996979695363
0.0461193444845209
0.046118717730204525
0.046118089534004494
0.04611745989592081
0.04611682881595348
0.0461161962941025
0.046115562330367864
0.04611492692474958
0.04611429007724765
0.046113651787862066
0.04611301205659283
0.046112370883439946
0.046111728268403415
0.04611108421148323
0.04611043871267939
0.04610979177199191
0.04610914338942077
0.04610849356496599
0.04610784229862755
0.04610718959040547
0.04610653544029973
0.04610587984831034
0.046105222814437304
0.04610456433868062
0.04610390442104028
0.04610324306151629
0.04610258026010865
0.04610191601681736
0.04610125033164242
0.04610058320458383
0.046099914635641594
0.046099244624815704
0.04609857317210616
0.04609790027751297
0.04609722594103613
0.04609655016267564
0.04609587294243149
0.0460951942803037
0.046094514176292255
0.046093832630397166
0.046093149642618424
0.04609246521295603
0.04609177934140998
0.046091092027980285
0.04609040327266694
0.04608971307546995
0.0460890214363893
0.04608832835542501
0.04608763383257706
0.046086937867845464
0.046086240461230214
0.04608554161273132
0.046084841322348774
0.046084139590082576
0.046083436415932724
0.046082731799899225
0.04608202574198208
0.04608131824218128
0.04608060930049683
0.04607989891692873
0.04607918709147698
0.046078473824141576
0.046077759114922526
0.04607704296381982
0.04607632537083347
0.04607560633596347
0.04607488585920982
0.04607416394057252
0.04607344058005156
0.04607271577764696
0.046071989533358705
0.0460712618471868
0.046070532719131245
0.04606980214919204
0.04606907013736919
0.04606833668366268
0.046067601788072524
0.04606686545059872
0.04606612767124126
0.046065388450000154
0.0460646477868754
0.04606390568186699
0.04606316213497493
0.04606241714619923
0.04606167071553987
0.04606092284299686
0.0460601735285702
0.04605942277225989
0.04605867057406593
0.04605791693398832
0.04605716185202706
0.04605640532818215
0.046055647362453586
0.046054887954841375
0.04605412710534551
0.046053364813966
0.04605260108070284
0.046051835905556025
0.046051069288525565
0.04605030122961145
0.04604953172881368
0.04604876078613227
0.0460479884015672
0.04604721457511849
0.046046439306786126
0.04604566259657011
0.04604488444447044
0.04604410485048713
0.04604332381462016
0.04604254133686954
0.04604175741723528
0.046040972055717354
0.04604018525231579
0.046039397007030566
0.0460386073198617
0.04603781619080918
0.04603702361987301
0.04603622852161547
0.04603543053281172
0.04603463134650084
0.046033830962682834
0.046033029381357705
0.04603222660252545
0.046031422626186064
0.04603061745233956
0.04602981108098592
0.04602900351212516
0.04602819474575728
0.046027384781882265
0.046026573620500125
0.04602576126161086
0.046024947705214474
0.04602413295131096
0.04602331699990032
0.04602249985098255
0.04602168150455766
0.046020861960625645
0.0460200412191865
0.04601921928024023
0.04601839614378683
0.04601757180982631
0.04601674627835867
0.046015919549383895
0.046015091622901995
0.04601426249891297
0.04601343217741682
0.04601260065841354
0.04601176794190314
0.046010934027885614
0.04601009891636096
0.04600926260732918
0.04600842510079027
0.046007586396744245
0.046006746495191084
0.0460059053961308
0.0460050630995634
0.04600421960548886
0.0460033749139072
0.04600252902481841
0.0460016819382225
0.046000833654119465
0.0459999841725093
0.04599913349339201
0.0459982816167676
0.045997428542636054
0.04599657427099739
0.0459957188018516
0.045994862135198676
0.045994004271038634
0.045993145209371464
0.04599228495019717
0.045991423493515746
0.0459905608393272
0.04598969698763153
0.045988831938428724
0.045987965691718806
0.04598709824750175
0.04598622960577758
0.045985359766546274
0.04598448872980784
0.04598361649556229
0.04598274306380961
0.04598186843454981
0.04598099260778288
0.04598011558350882
0.04597923736172763
0.045978357942439325
0.04597747732564389
0.04597659551134133
0.04597571249953165
0.045974828290214834
0.04597394288339089
0.04597305627905983
0.045972168477221645
0.045971279477876326
0.045970389281023885
0.045969497886664316
0.045968605294797626
0.04596771150542381
0.04596681651854286
0.045965920334154795
0.0459650229522596
0.045964124372857275
0.04596322459594783
0.045962323621531256
0.045961421449607555
0.04596051808017673
0.04595961351323878
0.0459587077487937
0.0459578007868415
0.04595689262738217
0.045955983270415716
0.04595507271594214
0.04595416096396143
0.0459532480144736
0.04595233386747864
0.04595141852297656
0.045950501980967354
0.045949584241451014
0.04594866530442756
0.04594774516989697
0.04594682383785926
0.04594590130831442
0.04594497758126245
0.045944052656703364
0.04594312653463715
0.04594219921506381
0.045941270697983344
0.04594034098339575
0.045939410071301034
0.045938477961699184
0.04593754465459022
0.04593661014997412
0.0459356744478509
0.04593473754822055
0.04593379945108308
0.04593286015643848
0.04593191966428675
0.045930977974627904
0.04593003508746193
0.04592909100278882
0.0459281457206086
0.04592719924092124
0.04592625156372676
0.04592530268902516
0.045924352616816426
0.045923401347100566
0.045922448879877585
0.045921495215147476
0.04592054035291024
0.04591958429316588
0.04591862703591439
0.04591766858115578
0.04591670892889004
0.04591574807911718
0.045914786031837185
0.04591382278705007
0.04591285834475583
0.045911892704954466
0.04591092586764597
0.045909957832830355
0.04590898860050761
0.04590801817067774
0.04590704654334074
0.04590607371849662
0.04590509969614537
0.045904124476287
0.0459031480589215
0.04590217044404887
0.04590119163166912
0.04590021162178225
0.045899230414388245
0.045898248009487115
0.04589726440707886
0.04589627960716348
0.04589529360974098
0.04589430641481134
0.045893318022374584
0.0458923284324307
0.04589133764497969
0.04589034566002156
0.045889352477556294
0.04588835809758391
0.0458873625201044
0.04588636574511776
0.045885367772623996
0.045884368602623106
0.04588336823511509
0.04588236667009995
0.04588136390757768
0.045880359947548285
0.04587935479001177
0.04587834843496812
0.04587734088241736
0.045876332132359456
0.04587532218479444
0.04587431103972229
0.04587329869714302
0.045872285157056616
0.04587127041946309
0.04587025448436244
0.04586923735175466
0.04586821902163976
0.045867199494017734
0.04586617876888858
0.045865156846252295
0.04586413372610889
0.04586310940845836
0.0458620838933007
0.04586105718063592
0.04586002927046401
0.04585900016278498
0.04585796985759881
0.04585693835490553
0.04585590565470511
0.045854871756997574
0.045853836661782915
0.04585280036906112
0.045851762878832206
0.04585072419109616
0.045849684305853
0.045848643223102704
0.04584760094284528
0.04584655746508074
0.04584551278980907
0.04584446691703027
0.04584341984674435
0.0458423715789513
0.045841322113651134
0.04584027145084383
0.045839219590529404
0.04583816653270786
0.04583711227737918
0.04583605682454338
0.045835000174200446
0.045833942326350394
0.04583288328099321
0.045831823038128904
0.04583076159775747
0.045829698959878915
0.045828635124493235
0.04582757009160043
0.04582650386120049
0.045825436433293426
0.04582436780787924
0.04582329798495793
0.04582222696452949
0.04582115474659393
0.04582008133115124
0.045819006718201424
0.045817930907744484
0.045816853899780415
0.04581577569430922
0.0458146962913309
0.04581361569084546
0.045812533892852884
0.04581145089735319
0.045810366704346364
0.04580928131383242
0.045808194725811345
0.04580710694028314
0.04580601795724782
0.04580492777670537
0.04580383639865579
0.04580274382309909
0.04580165005003526
0.04580055507946431
0.045799458911386225
0.04579836154580102
0.04579726298270869
0.04579616322210923
0.04579506226400265
0.04579396010838894
0.045792856755268105
0.04579175220464014
0.04579064645650505
0.04578953951086284
0.0457884313677135
0.04578732202705704
0.045786210396171256
0.04578509710984085
0.045783982956856144
0.04578286793721714
0.04578175205092385
0.04578063529797627
0.04577951767837438
0.045778399192118215
0.04577727983920774
0.04577615961964298
0.04577503853342393
0.04577391658055058
0.04577279376102293
0.045771670074840995
0.04577054552200476
0.04576942010251424
0.04576829381636942
0.0457671666635703
0.045766038644116894
0.04576490975800919
0.045763780005247195
0.045762649385830904
0.04576151789976032
0.045760385547035445
0.04575925232765627
0.045758118241622805
0.045756983288935044
0.04575584746959299
0.04575471078359664
0.045753573230946
0.04575243481164106
0.045751295525681836
0.045750155373068306
0.04574901435380049
0.04574787246787838
0.04574672971530197
0.045745586096071274
0.04574444161018628
0.04574329625764699
0.04574215003845341
0.04574100295260553
0.045739855000103365
0.0457387061809469
0.04573755649513614
0.04573640594267109
0.04573525452355174
0.0457341022377781
0.045732949085350166
0.04573179506626794
0.04573064018053142
0.0457294844281406
0.04572832780909549
0.045727170323396085
0.04572601197104239
0.045724852752034396
0.04572369266637211
0.04572253171405553
0.04572136989508466
0.04572020720945949
0.04571904365718003
0.045717879238246266
0.045716713952658215
0.045715547800415875
0.04571438078151924
0.0457132128959683
0.04571204414376308
0.04571087452490356
0.045709704039389745
0.04570853268722164
0.04570736046839923
0.045706187382922536
0.045705013430791544
0.04570383861200626
0.04570266292656668
0.04570148637447281
0.04570030895572465
0.045699130670322184
0.04569795151826543
0.04569677149955438
0.04569559061418904
0.045694408862169404
0.04569322624349548
0.04569204275816725
0.04569085840618473
0.04568967318754792
0.045688487102256814
0.045687300150311416
0.04568611233171172
0.04568492364645773
0.04568373409454945
0.04568254367598687
0.04568135239077
0.045680160238898836
0.04567896722037338
0.04567777333519363
0.04567657858335958
0.04567538296487124
0.04567418647972861
0.045672989127931676
0.04567179090948045
0.04567059182437494
0.04566939187261513
0.04566819105420102
0.045666989369132625
0.04566578681740994
0.04566458339903295
0.045663379114001666
0.045662173962316095
0.04566096794397623
0.04565976105898206
0.04565855330733361
0.045657344689030856
0.045656135204073814
0.045654924852462475
0.04565371363419684
0.045652501549276914
0.0456512885977027
0.04565007477947418
0.045648860094591376
0.04564764454305427
0.04564642812486287
0.045645210840017186
0.045643992688517196
0.04564277367036292
0.04564155378555435
0.045640333034091485
0.04563911141597432
0.045637888931202866
0.04563666557977712
0.045635441361697074
0.04563421627696274
0.04563299032557411
0.04563176350753118
0.04563053582283397
0.045629307271482455
0.045628077853476647
0.04562684756881655
0.04562561641750215
0.045624384399533466
0.04562315151491048
0.04562191776363321
0.04562068314570163
0.045619447661115774
0.04561821130987561
0.04561697409198116
0.04561573600743241
0.04561449705622937
0.04561325723837204
0.045612016553860414
0.04561077500269449
0.045609532584874275
0.045608289300399764
0.045607045149270956
0.04560580013148786
0.04560455424705047
0.04560330749595878
0.0456020598782128
0.04560081139381252
0.04559956204275795
0.045598311825049094
0.04559706074068594
0.045595808789668485
0.04559455597199674
0.0455933022876707
0.04559204773669037
0.045590792319055745
0.04558953603476682
0.04558827888382361
0.045587020866226104
0.045585761981974296
0.0455845022310682
0.04558324161350781
0.045581980129293126
0.045580717778424144
0.04557945456090087
0.04557819047672331
0.045576925525891446
0.04557565970840529
0.045574393024264845
0.0455731254734701
0.04557185705602106
0.045570587771917734
0.04556931762116011
0.04556804660374819
0.04556677471968198
0.04556550196896147
0.04556422835158667
0.04556295386755758
0.045561678516874184
0.0455604022995365
0.045559125215544526
0.045557847264898255
0.045556568447597694
0.04555528876364283
0.04555400821303368
0.04555272679577023
0.04555144451185249
0.045550161361280456
0.04554887734405413
0.0455475924601735
0.045546306709638586
0.04554502009244937
0.04554373260860587
0.04554244425810807
0.04554115504095598
0.04553986495714959
0.04553857400668891
0.04553728218957394
0.04553598950580467
0.0455346959553811
0.04553340153830324
0.045532106254571096
0.04553081010418465
0.04552951308714391
0.04552821520344888
0.04552691645309955
0.045525616836095927
0.04552431635243801
0.045523015002125806
0.0455217127851593
0.045520409701538506
0.04551910575126341
0.045517800934334024
0.04551649525075035
0.045515188700512375
0.045513881283620106
0.045512573000073546
0.04551126384987269
0.04550995383301754
0.0455086429495081
0.04550733119934436
0.04550601858252633
0.045504705099054
0.04550339074892738
0.04550207553214647
0.045500759448711264
0.045499442498621756
0.045498124681877965
0.045496805998479876
0.04549548644842749
0.045494166031720816
0.045492844748359844
0.045491522598344575
0.045490199581675016
0.04548887569835116
0.045487550948373014
0.04548622533174057
0.04548489884845384
0.04548357149851281
0.04548224328191748
0.045480914198667864
0.04547958424876395
0.04547825343220575
0.045476921748993246
0.04547558919912645
0.04547425578260536
0.04547292149942998
0.04547158634960031
0.04547025033311634
0.04546891344997807
0.04546757570018551
0.04546623708373866
0.045464896971023704
0.04546355618120743
0.045462214907055355
0.04546087314856746
0.04545953090574377
0.04545818817858426
0.04545684496708895
0.045455501271257824
0.045454157091090894
0.04545281242658815
0.0454514672777496
0.04545012164457524
0.045448775527065076
0.0454474289252191
0.04544608183903731
0.04544473426851972
0.045443386213666316
0.045442037674477104
0.045440688650952084
0.045439339143091256
0.045437989150894614
0.04543663867436217
0.045435287713493915
0.04543393626828985
0.04543258433874997
0.04543123192487429
0.045429879026662796
0.0454285256441155
0.04542717177723239
0.045425817426013475
0.04542446259045874
0.04542310727056821
0.045421751466341864
0.04542039517777971
0.04541903840488175
0.04541768114764798
0.0454163234060784
0.04541496518017301
0.04541360646993181
0.045412247275354804
0.04541088759644199
0.04540952743319337
0.04540816678560893
0.04540680565368869
0.045405444037432637
0.04540408193684078
0.04540271935191311
0.04540135628264964
0.04539999272905035
0.04539862869111525
0.04539726416884435
0.045395899162237636
0.04539453367129512
0.045393167696016784
0.04539180123640264
0.045390434292452694
0.04538906686416694
0.045387698951545374
0.045386330554588
0.04538496167329482
0.045383592307665824
0.04538222245770102
0.045380852123400414
0.04537948130476399
0.04537811000179177
0.04537673821448373
0.04537536594283988
0.04537399318686023
0.04537261994654477
0.045371246221893494
0.04536987201290642
0.04536849731958353
0.04536712214192483
0.045365746479930316
0.0453643703336
0.045362993702933875
0.04536161658793195
0.045360238988594204
0.045358860904920646
0.04535748233691129
0.04535610328456612
0.04535472374788514
0.045353343726868355
0.04535196322151576
0.045350582231827356
0.04534920075780314
0.045347818799443114
0.04534643635674729
0.04534505342971565
0.045343670018348194
0.04534228612264494
0.045340901742605876
0.045339516878231
0.04533813152952031
0.04533674569647382
0.045335359379091514
0.045333972577373406
0.045332585291319484
0.045331197520929754
0.04532980926620422
0.04532842052714287
0.04532703130374572
0.04532564159601275
0.04532425140394398
0.045322860727539396
0.04532146956679901
0.04532007792172281
0.045318685792310805
0.045317293178562985
0.04531590008047936
0.045314506498059924
0.04531311243130468
0.045311717880213626
0.04531032284478677
0.0453089273250241
0.04530753132092562
0.04530613483249133
0.04530473785972123
0.04530334040261533
0.04530194246117361
0.04530054403539609
0.045299145125282755
0.045297745730833616
0.04529634585204866
0.04529494548892791
0.04529354464147134
0.04529214330967896
0.04529074149355078
0.04528933919308678
0.04528793640828698
0.04528653313915137
0.04528512938567995
0.04528372514787272
0.045282320425729675
0.04528091521925083
0.04527950952843617
0.045278103353285706
0.04527669669379943
0.04527528954997735
0.04527388192181946
0.04527247380932576
0.04527106521249625
0.04526965613133093
0.045268246565829805
0.04526683651599287
0.04526542598182012
0.045264014963311575
0.04526260346046721
0.04526119147328704
0.045259779001771056
0.04525836604591927
0.04525695260573167
0.04525553868120826
0.045254124272349046
0.04525270937915402
0.04525129400162319
0.04524987813975655
0.045248461793554094
0.045247044963015834
0.045245627648141766
0.04524420984893189
0.04524279156538621
0.04524137279750471
0.045239953545287405
0.04523853380873429
0.04523711358784537
0.04523569288262064
0.0452342716930601
0.04523285001916375
0.045231427860931595
0.04523000521836363
0.04522858209145985
0.04522715848022027
0.045225734384644875
0.04522430980473367
0.04522288474048666
0.045221459191903846
0.045220033158985214
0.04521860664173078
0.045217179640140534
0.04521575215421448
0.04521432418395262
0.04521289572935494
0.04521146679042146
0.04521003736715217
0.04520860745954707
0.045207177067606165
0.04520574619132944
0.04520431483071692
0.045202882985768585
0.04520145065648444
0.04520001784286449
0.04519858454490873
0.045197150762617155
0.04519571649598978
0.04519428174502659
0.045192846509727595
0.04519141079009279
0.04518997458612217
0.04518853789781575
0.04518710072517352
0.04518566306819548
0.04518422492688163
0.04518278630123197
0.0451813471912465
0.04517990759692522
0.045178467518268144
0.04517702695527525
0.04517558590794654
0.04517414437628203
0.04517270236028171
0.04517125985994558
0.04516981687527364
0.045168373406265894
0.04516692945292234
0.04516548501524297
0.0451640400932278
0.04516259468687682
0.04516114879619002
0.04515970242116742
0.04515825556180902
0.0451568082181148
0.04515536039008477
0.04515391207771893
0.04515246328101729
0.04515101399997983
0.04514956423460657
0.0451481139848975
0.04514666325085262
0.04514521203247193
0.04514376032975543
0.045142308142703126
0.04514085547131501
0.04513940231559108
0.04513794867553135
0.04513649455113581
0.045135039942404455
0.0451335848493373
0.04513212927193433
0.04513067321019555
0.04512921666412096
0.04512775963371057
0.04512630211896436
0.045124844119882344
0.04512338563646452
0.04512192666871089
0.045120467216621454
0.0451190072801962
0.04511754685943515
0.04511608595433828
0.0451146245649056
0.04511316269113712
0.04511170033303283
0.045110237490592724
0.04510877416381681
0.04510731035270509
0.045105846057257565
0.04510438127747422
0.04510291601335508
0.045101450264900124
0.04509998403210936
0.04509851731499691
0.0450970503177625
0.04509558323426162
0.045094116064494254
0.04509264880846041
0.045091181466160084
0.04508971403759327
0.04508824652275999
0.045086778921660214
0.04508531123429396
0.04508384346066123
0.04508237560076202
0.045080907654596325
0.04507943962216415
0.04507797150346549
0.04507650329850036
0.04507503500726874
0.04507356662977065
0.04507209816600607
0.04507062961597501
0.04506916097967747
0.04506769225711344
0.04506622344828294
0.04506475455318596
0.045063285571822494
0.045061816504192546
0.045060347350296126
0.04505887811013322
0.04505740878370383
0.045055939371007964
0.04505446987204561
0.04505300028681678
0.045051530615321474
0.04505006085755968
0.045048591013531404
0.04504712108323665
0.045045651066675414
0.0450441809638477
0.045042710774753504
0.04504124049939283
0.04503977013776567
0.04503829968987203
0.04503682915571191
0.04503535853528531
0.04503388782859223
0.04503241703563267
0.04503094615640662
0.045029475190914096
0.045028004139155094
0.045026533001129604
0.04502506177683764
0.04502359046627919
0.04502211906945426
0.04502064758636285
0.04501917601700496
0.04501770436138059
0.04501623261948974
0.0450147607913324
0.04501328887690859
0.045011816876218295
0.04501034478926152
0.04500887261603827
0.04500740035654853
0.045005928010792305
0.04500445557876961
0.04500298306048043
0.045001510455924765
0.04500003776510263
0.044998564988014
0.0449970921246589
0.04499561917503731
0.044994146139149246
0.0449926730169947
0.044991199808573676
0.04498972651388617
0.04498825313293218
0.044986779665711706
0.04498530611222476
0.04498383247247133
0.044982358746451415
0.04498088493416502
0.04497941103561215
0.04497793705079279
0.044976462979706956
0.044974988822354636
0.04497351457873584
0.04497204024885056
0.0449705658326988
0.04496909133028056
0.04496761674159584
0.044966142066644635
0.044964667305426954
0.044963192457942794
0.044961717524192146
0.04496024250417502
0.04495876739789141
0.04495729220534132
0.044955816926524755
0.04495434156144171
0.04495286611009218
0.044951390572476164
0.044949914948593676
0.0449484392384447
0.04494696344202925
0.04494548755934732
0.0449440115903989
0.044942535535184
0.044941059393702625
0.04493958316595477
0.044938106851940426
0.04493663045165961
0.04493515396511231
0.044933677392298525
0.04493220073321826
0.04493072398787152
0.044929247156258297
0.04492777023837859
0.0449262932342324
0.04492481614381974
0.04492333896714059
0.04492186170419496
0.044920384354982856
0.044918906919504266
0.04491742939775919
0.04491595178974764
0.04491447409546961
0.04491299631492509
0.0449115184481141
0.04491004049503662
0.04490856245569266
0.044907084330082225
0.04490560611820531
0.04490412782006191
0.04490264943565203
0.04490117096497567
0.04489969240803283
0.0448982137648235
0.044896735035347704
0.04489525621960542
0.04489377731759665
0.04489229832932141
0.04489081925477968
0.04488934009397147
0.044887860846896784
0.04488638151355561
0.044884902093947965
0.04488342258807383
0.04488194299593322
0.044880463317526126
0.04487898355285255
0.04487750370191249
0.04487602376470596
0.044874543741232946
0.044873063631493446
0.044871583435487465
0.044870103153215005
0.044868622784676064
0.04486714232987064
0.04486566178879874
0.04486418116146036
0.044862700447855494
0.04486121964798415
0.044859738761846325
0.04485825778944202
0.044856776730771236
0.04485529558583397
0.04485381435463021
0.044852333037159985
0.044850851633423276
0.04484937014342008
0.04484788856715041
0.04484640690461426
0.04484492515581162
0.044843443320742506
0.04484196139940691
0.044840479391804834
0.04483899729793628
0.044837515117801235
0.04483603285139972
0.044834550498731716
0.04483306805979723
0.04483158553459628
0.044830102923128834
0.044828620225394904
0.0448271374413945
0.04482565457112762
0.044824171614594246
0.0448226885717944
0.04482120544272807
0.04481972222739526
0.04481823892579597
0.0448167555379302
0.04481527206379795
0.04481378850339922
0.04481230485673401
0.04481082112380231
0.04480933730460413
0.04480785339913948
0.04480636940740834
0.044804885329410724
0.044803401165146625
0.04480191691461605
0.04480043257781898
0.04479894815475544
0.04479746364542542
0.04479597904982892
0.04479449436796593
0.04479300959983647
0.04479152474544052
0.044790039804778095
0.04478855477784919
0.044787069664653796
0.04478558446519193
0.04478409917946358
0.044782613807468744
0.04478112834920744
0.044779642804679644
0.04477815717388537
0.04477667145682461
0.044775185653497376
0.04477369976390366
0.04477221378804346
0.04477072772591678
0.04476924157752363
0.04476775534286399
0.044766269021937866
0.044764782614745265
0.04476329612128618
0.044761809541560615
0.044760322875568574
0.044758836123310046
0.04475734928478504
0.044755862359993556
0.04475437534893559
0.04475288825161114
0.044751401068020204
0.044749913798162795
0.044748426442038906
0.04474693899964853
0.04474545147099168
0.044743963856068346
0.04474247615487853
0.044740988367422234
0.04473950049369946
0.0447380125337102
0.04473652448745446
0.04473503635493224
0.04473354813614354
0.04473205983108836
0.0447305714397667
0.044729082962178555
0.04472759439832393
0.04472610574820283
0.044724617011815244
0.044723128189161174
0.04472163928024063
0.0447201502850536
0.04471866120360009
0.044717172035880104
0.04471568278189363
0.04471419344164068
0.044712704015121243
0.044711214675476126
0.044709726156535824
0.04470823793352687
0.044706750006449275
0.04470526237530302
0.044703775040088115
0.044702288000804564
0.04470080125745236
0.04469931481003151
0.04469782865854201
0.04469634280298385
0.044694857243357054
0.0446933719796616
0.044691887011897496
0.044690402340064744
0.04468891796416334
0.04468743388419329
0.04468595010015458
0.04468446661204723
0.044682983419871224
0.04468150052362657
0.04468001792331327
0.044678535618931314
0.04467705361048071
0.04467557189796146
0.04467409048137355
0.044672609360717
0.0446711285359918
0.04466964800719794
0.04466816777433544
0.04466668783740428
0.04466520819640448
0.04466372885133602
0.04466224980219892
0.044660771048993166
0.04465929259171876
0.044657814430375704
0.044656336564964004
0.044654858995483646
0.04465338172193464
0.04465190474431699
0.04465042806263068
0.04464895167687573
0.04464747558705212
0.04464599979315986
0.04464452429519896
0.04464304909316941
0.044641574187071195
0.04464009957690434
0.04463862526266884
0.04463715124436468
0.04463567752199187
0.04463420409555042
0.044632730965040314
0.04463125813046156
0.04462978559181415
0.044628313349098093
0.04462684140231339
0.04462536975146003
0.04462389839653803
0.04462242733754737
0.044620956574488065
0.04461948610736011
0.0446180159361635
0.044616546060898245
0.044615076481564334
0.04461360719816178
0.04461213821069057
0.044610669519150714
0.044609201123542205
0.04460773302386505
0.04460626522011924
0.044604797712304786
0.04460333050042168
0.04460186358446992
0.044600396964449514
0.044598930640360454
0.04459746461220274
0.04459599887997639
0.04459453344368138
0.044593068303317725
0.044591603458885416
0.04459013891038446
0.044588674657814846
0.04458721070117659
0.04458574704046968
0.04458428367569412
0.04458282060684991
0.04458135783393705
0.04457989535695554
0.04457843317590539
0.044576971290786575
0.04457550970159912
0.04457404840834301
0.04457258741101825
0.04457112670962484
0.04456966630416278
0.04456820619463207
0.04456674638103272
0.0445652868633647
0.04456382764162804
0.04456236871582273
0.04456091008594878
0.044559451752006166
0.0445579937139949
0.044556535971914994
0.044555078525766435
0.044553621375549225
0.044552164521263364
0.04455070796290885
0.044549251700485695
0.04454779573399388
0.04454634006343342
0.04454488468880431
0.04454342961010655
0.04454197482734014
0.04454052034050508
0.04453906614960137
0.04453761225462901
0.044536158655588
0.04453470535247834
0.04453325234530003
0.044531799634053064
0.04453034721873745
0.04452889509935319
0.04452744327590028
0.044525991748378714
0.04452454051678851
0.044523089581129646
0.04452163894140213
0.04452018859760597
0.04451873854974116
0.0445172887978077
0.044515839341805585
0.04451439018173482
0.04451294131759541
0.044511492749387344
0.044510044477110634
0.044508596500765274
0.044507148820351256
0.04450570143586859
0.044504254347317286
0.04450280755469732
0.044501361058008705
0.044499914857251445
0.044498468952425534
0.04449702334353097
0.04449557803056776
0.04449413301353589
0.04449268829243538
0.04449124386726622
0.0444897997380284
0.044488355904721937
0.04448691236734682
0.04448546912590306
0.04448402618039064
0.04448258353080958
0.044481141177159865
0.0444796991194415
0.04447825735765449
0.044476815891798825
0.04447537472187451
0.04447393384788154
0.04447249326981993
0.04447105298768966
0.04446961300149075
0.044468173311223186
0.04446673391688697
0.044465294818482104
0.04446385601600859
0.044462417509466425
0.04446097929885561
0.04445954138417615
0.04445810376542803
0.044456666442611266
0.04445522941572585
0.04445379268477179
0.04445235624974907
0.0444509201106577
0.04444948426749769
0.04444804872026902
0.044446613468971705
0.044445178513605736
0.044443743854171124
0.04444230949066785
0.04444087542309594
0.04443944165145537
0.044438008175746155
0.044436574995968287
0.044435142112121774
0.044433709524206604
0.04443227723222279
0.04443084523617032
0.044429413536049206
0.04442798213185944
0.04442655102360102
0.044425120211273955
0.044423689694878234
0.04442225947441387
0.04442082954988085
0.04441939992127918
0.044417970588608864
0.0444165415518699
0.04441511281106228
0.044413684366186014
0.04441225621724109
0.04441082836422752
0.04440940080714531
0.04440797354599444
0.04440654658077492
0.044405119911486754
0.04440369353812993
0.04440226746070446
0.044400841679210344
0.044399416193647574
0.04439799100401616
0.04439656611031609
0.04439514151254737
0.04439371721071
0.04439229320480398
0.04439086949482931
0.044389446080785995
0.04438802296267402
0.0443866001404934
0.04438517761424413
0.044383755383926214
0.044382333449539645
0.044380911811084424
0.04437949046856055
0.044378069421968036
0.04437664867130686
0.044375228216577044
0.044373808057778574
0.044372388194911454
0.04437096862797568
0.04436954935697126
0.04436813038189819
0.04436671170275647
0.0443652933195461
0.04436387523226708
0.044362457440919406
0.044361039945503083
0.04435962274601812
0.04435820584246449
0.04435678923484222
0.044355372923151296
0.044353956907391724
0.04435254118756351
0.044351125763666635
0.04434971063570111
0.04434829580366694
0.044346881267564114
0.04434546702739264
0.04434405308315252
0.04434263943484375
0.04434122608246633
0.044339813026020254
0.044338400265505534
0.04433698780092216
0.044335575632270134
0.04433416375954946
0.04433275218276014
0.044331341507387545
0.044329932260121774
0.044328523650588154
0.04432711567878669
0.04432570834471738
0.044324301648380214
0.0443228955897752
0.04432149016890235
0.04432008538576164
0.04431868124035309
0.04431727773267669
0.04431587486273244
0.044314472630520345
0.0443130710360404
0.04431167007929261
0.044310269760276966
0.04430887007899348
0.04430747103544214
0.04430607262962296
0.044304674861535935
0.044303277731181055
0.04430188123855833
0.04430048538366775
0.044299090166509326
0.04429769558708306
0.04429630164538894
0.04429490834142698
0.04429351567519716
0.0442921236466995
0.04429073225593399
0.044289341502900634
0.04428795138759943
0.04428656191003038
0.04428517307019347
0.044283784868088726
0.04428239730371613
0.044281010377075686
0.044279624088167394
0.04427823843699125
0.044276853423547265
0.044275469047835435
0.04427408530985575
0.04427270220960822
0.04427131974709284
0.04426993792230961
0.044268556735258535
0.044267176185939616
0.04426579627435285
0.04426441700049823
0.04426303836437576
0.04426166036598545
0.044260283005327285
0.04425890628240128
0.04425753019720742
0.044256154749745716
0.04425477994001616
0.04425340576801876
0.04425203223375351
0.044250659337220416
0.04424928707841948
0.044247915457350684
0.04424654447401404
0.04424517412840956
0.04424380442053722
0.044242435350397034
0.04424106691798901
0.04423969912331313
0.0442383319663694
0.04423696544715783
0.04423559956567841
0.04423423432193113
0.044232869715916015
0.04423150574763305
0.04423014241708224
0.044228779724263576
0.044227417669177066
0.04422605625182271
0.0442246954722005
0.044223335330310455
0.04422197582615255
0.0442206169597268
0.04421925873103321
0.044217901140071764
0.044216544186842476
0.04421518787134533
0.04421383219358035
0.04421247715354751
0.04421112275124683
0.0442097689866783
0.04420841585984192
0.044207063370737695
0.04420571151936562
0.04420436030572569
0.04420300972981793
0.04420165979164231
0.044200310491198845
0.04419896182848753
0.04419761380350837
0.04419626641626136
0.044194919666746504
0.0441935735549638
0.04419222808091325
0.044190883244594845
0.0441895390460086
0.0441881954851545
0.04418685256203256
0.04418551027664277
0.04418416862898513
0.04418282761905964
0.044181487246866304
0.04418014751240512
0.04417880841567609
0.04417746995667921
0.044176132135414485
0.04417479495188191
0.044173458406081494
0.04417212249801322
0.0441707872276771
0.04416945259507314
0.044168118600201325
0.04416678524306167
0.044165452523654156
0.0441641204419788
0.04416278899803559
0.04416145819182454
0.044160128023345645
0.0441587984925989
0.0441574695995843
0.044156141344301854
0.04415481372675156
0.044153486746933424
0.044152160404847436
0.04415083470049361
0.044149509633871924
0.04414818520498239
0.04414686141382501
0.04414553826039979
0.044144215744706714
0.04414289386674579
0.04414157262651702
0.0441402520240204
0.04413893205925594
0.04413761273222363
0.04413629404292347
0.044134975991355456
0.0441336585775196
0.0441323418014159
0.044131025663044346
0.044129710162404946
0.0441283952994977
0.0441270810743226
0.04412576748687966
0.044124454537168865
0.04412314222519023
0.04412183055094374
0.044120519514429406
0.04411920911564723
0.044117899354597194
0.04411659023127932
0.04411528174569359
0.04411397389784002
0.0441126666877186
0.044111360115329325
0.04411005418067221
0.044108748883747245
0.04410744422455443
0.04410614020309377
0.044104836819365265
0.04410353407336891
0.0441022319651047
0.04410093049457265
0.044099629661772756
0.04409832946670501
0.04409702990936941
0.04409573098976597
0.044094432707894676
0.04409313506375554
0.04409183805734855
0.04409054168867372
0.04408924595773104
0.044087950864520505
0.04408665640904213
0.044085362591295904
0.04408406941128183
0.04408277686899991
0.04408148496445014
0.044080193697632525
0.04407890306854706
0.044077613077193746
0.044076323723572584
0.044075035007683575
0.04407374692952672
0.04407245948910202
0.04407117268640947
0.04406988652144907
0.04406860099422082
0.044067316104724724
0.044066031852960784
0.044064748238928995
0.04406346526262935
0.04406218292406187
0.044060901223226534
0.04405962016012335
0.04405833973475232
0.044057059947113446
0.04405578079720672
0.044054502285032146
0.044053224410589724
0.04405194717387946
0.04405067057490134
0.044049394613655375
0.04404811929014157
0.044046844604359904
0.0440455705563104
0.04404429714599304
0.04404302437340784
0.044041752238554784
0.044040480741433886
0.04403920988204514
0.04403793966038855
0.044036670076464106
0.044035401130271816
0.04403413282181168
0.04403286515108369
0.04403159811808786
0.044030331722824174
0.044029065965292644
0.044027800845493265
0.044026536363426044
0.04402527251909097
0.04402400931248805
0.04402274674361728
0.04402148481247867
0.0440202235190722
0.04401896286339789
0.044017702845455725
0.04401644346524572
0.044015184722767865
0.04401392661802216
0.04401266915100861
0.044011412321727214
0.04401015613017797
0.04400890057636087
0.04400764566027593
0.04400639138192314
0.044005137741302505
0.04400388473841402
0.04400263237325768
0.044001380645833504
0.04400012955614147
0.04399887910418159
0.04399762928995387
0.0439963801134583
0.043995131574694875
0.04399388367366361
0.043992636410364494
0.04399138978479753
0.04399014379696272
0.043988898446860054
0.04398765373448955
0.0439864096598512
0.043985166222944995
0.043983924595482525
0.0439826845995763
0.043981445526148036
0.04398020737519775
0.04397897014672543
0.04397773384073108
0.04397649845721469
0.04397526399617628
0.04397403045761584
0.043972797841533365
0.04397156614792886
0.04397033537680232
0.04396910552815375
0.043967876601983154
0.043966648598290525
0.043965421517075866
0.043964195358339175
0.043962970122080454
0.0439617458082997
0.04396052241699692
0.043959299948172104
0.04395807840182526
0.04395685777795638
0.043955638076565474
0.043954419297652536
0.04395320144121757
0.043951984507260566
0.043950768495781535
0.04394955340678047
0.04394833924025738
0.043947125996212255
0.0439459136746451
0.043944702275555914
0.043943491798944696
0.043942282244811455
0.043941073613156176
0.043939865903978866
0.043938659117279524
0.04393745325305815
0.043936248311314756
0.04393504429204932
0.04393384119526186
0.04393263902095236
0.04393143776912084
0.04393023743976728
0.04392903803289169
0.04392783954849407
0.04392664198657443
0.04392544534713275
0.043924249630169034
0.043923054835683296
0.04392186096367552
0.04392066801414572
0.043919475987093885
0.04391828488252002
0.043917094700424125
0.043915905440806195
0.04391471710366624
0.04391352968900425
0.04391234319682023
0.04391115762711418
0.0439099729798861
0.043908789255135985
0.043907606452863845
0.04390642457306967
0.043905243615753466
0.04390406358091523
0.04390288446855496
0.04390170627867267
0.043900529011268334
0.04389935266634198
0.04389817724389359
0.043897002743923164
0.043895829166430714
0.04389465651141623
0.04389348477887972
0.04389231396882117
0.0438911440812406
0.04388997511613799
0.04388880707351335
0.04388763995336668
0.043886473755697986
0.04388530848050726
0.0438841441277945
0.043882980697559706
0.04388181818980288
0.043880656604524025
0.04387949594172314
0.04387833620140023
0.04387717738355528
0.043876019488188304
0.0438748625152993
0.04387370646488826
0.04387255133695519
0.04387139713150008
0.04387024384852295
0.04386909148802379
0.04386794005000259
0.04386678953445937
0.04386563994139412
0.043864491270806834
0.043863343522697516
0.04386219669706617
0.04386105079391279
0.04385990581323738
0.043858761755039936
0.043857618619320464
0.04385647640607896
0.043855335115315426
0.04385419474702986
0.04385305530122227
0.043851916777892644
0.043850779177040985
0.043849642498667296
0.04384850674277158
0.04384737190935383
0.04384623799841405
0.043845105009952236
0.0438439729439684
0.04384284180046252
0.04384171157943462
0.04384058228088468
0.04383945390481272
0.04383832645121872
0.043837199920102696
0.043836074311464635
0.04383494962530454
0.043833825861622426
0.04383270302041827
0.043831581101692094
0.04383046010544388
0.04382934003167363
0.04382822088038136
0.04382710265156705
0.04382598534523072
0.043824868961372346
0.04382375349999195
0.04382263896108952
0.04382152534466506
0.04382041265071857
0.043819300879250046
0.043818190030259496
0.04381708010374691
0.043815971099712296
0.04381486301815565
0.04381375585907697
0.04381264962247627
0.04381154430835353
0.04381043991670876
0.04380933644754196
0.04380823390085313
0.04380713227664226
0.04380603157490937
0.04380493179565445
0.0438038329388775
0.04380273500457851
0.04380163799275749
0.043800541903414446
0.04379944673654937
0.04379835249216226
0.043797259170253115
0.043796166770821945
0.043795075293868745
0.04379398473939351
0.04379289510739625
0.043791806397876956
0.04379071861083563
0.043789631746272276
0.04378854580418689
0.04378746078457947
0.04378637668745002
0.04378529351279854
0.04378421126062503
0.04378312993092949
0.04378204952371192
0.043780970038972314
0.04377989147671068
0.043778813836927014
0.04377773711962132
0.04377666132479359
0.04377558645244383
0.04377451250257204
0.04377343947517822
0.043772367370262376
0.04377129618782449
0.04377022592786458
0.043769156590382635
0.04376808817537866
0.04376702068285265
0.04376595411280462
0.043764888465234554
0.043763823740142455
0.043762759937528324
0.04376169705739217
0.04376063509973398
0.043759574064553754
0.043758513951851506
0.04375745476162722
0.043756396493880904
0.043755339148612564
0.043754282725822186
0.043753227225509776
0.04375217264767534
0.04375111899231887
0.043750066259440376
0.04374901444903984
0.043747963561117285
0.04374691359567269
0.04374586455270607
0.043744816432217414
0.04374376923420673
0.04374272295867401
0.04374167760561927
0.04374063317504249
0.04373958966694368
0.04373854708132284
0.04373750541817997
0.043736464677515074
0.04373542485932814
0.04373438596361918
0.04373334799038818
0.04373231093963516
0.043731274811360105
0.043730239605563014
0.0437292053222439
0.04372817196140275
0.04372713952303957
0.04372610800715436
0.04372507741374712
0.04372404774281785
0.04372301899436655
0.04372199116839321
0.04372096426489785
0.043719938283880454
0.04371891322534103
0.04371788908927957
0.04371686587569608
0.04371584358459056
0.04371482221596301
0.04371380176981343
0.04371278224614182
0.04371176364494818
0.043710745966232506
0.0437097292099948
0.04370871337623507
0.0437076984649533
0.043706684476149504
0.043705671409823676
0.04370465926597582
0.04370364804460593
0.04370263774571401
0.043701628369300055
0.04370061991536407
0.04369961238390606
0.043698605774926014
0.04369760008842394
0.04369659532439983
0.0436955914828537
0.04369458856378553
0.04369358656719533
0.0436925854930831
0.04369158534144884
0.04369058788485057
0.043689591975516834
0.04368859720666345
0.04368760357829043
0.04368661109039776
0.043685619742985446
0.04368462953605349
0.04368364046960189
0.043682652543630636
0.04368166575813975
0.04368068011312921
0.04367969560859903
0.0436787122445492
0.04367773002097973
0.043676748937890614
0.043675768995281854
0.04367479019315345
0.043673812531505395
0.0436728360103377
0.043671860629650366
0.04367088638944338
0.04366991328971675
0.04366894133047048
0.04366797051170456
0.043667000833419
0.04366603229561379
0.04366506489828894
0.04366409864144444
0.0436631335250803
0.043662169549196515
0.04366120671379308
0.04366024501887001
0.04365928446442729
0.04365832505046492
0.04365736677698291
0.04365640964398126
0.04365545365145996
0.04365449879941902
0.043653545087858424
0.043652592516778194
0.04365164108617831
0.043650690796058794
0.043649741646419625
0.04364879363726081
0.043647846768582355
0.04364690104038425
0.04364595645266651
0.04364501300542912
0.043644070698672086
0.0436431295323954
0.04364218950659908
0.04364125062128311
0.0436403128764475
0.04363937627209224
0.043638440808217334
0.043637506484822786
0.04363657330190859
0.04363564125947476
0.04363471035752128
0.043633780596048145
0.04363285197505538
0.04363192449454296
0.0436309981545109
0.043630072954959194
0.04362914889588784
0.04362822597729685
0.04362730419918621
0.043626383561555925
0.043625464064406
0.04362454570773642
0.0436236284915472
0.04362271241583834
0.043621797480609834
0.04362088368586168
0.04361997103159388
0.04361905951780644
0.04361814914449935
0.04361723991167262
0.04361633181932625
0.04361542486746023
0.04361451905607456
0.04361361438516925
0.043612710854744295
0.043611808464799694
0.043610907215335455
0.043610007106351566
0.04360910813784803
0.043608210309824855
0.043607313622282026
0.04360641807521956
0.04360552366863745
0.04360463040253569
0.04360373827691429
0.043602847291773245
0.04360195744711255
0.043601068742932216
0.043600181179232235
0.04359929475601261
0.04359840947327334
0.04359752533101443
0.04359664232923587
0.043595760467937665
0.04359487974711982
0.043594000166782325
0.043593121726925185
0.0435922444275484
0.043591368268651974
0.0435904932502359
0.04358961937230019
0.04358874663484483
0.043587875037869823
0.04358700458137517
0.04358613526536088
0.043585267089826935
0.04358440005477335
0.043583534160200124
0.04358266940610725
0.04358180579249473
0.04358094331936257
0.043580081986710754
0.043579221794539304
0.04357836274284821
0.04357750483163746
0.04357664806090708
0.04357579243065705
0.04357493794088737
0.04357408459159805
0.04357323238278908
0.04357238131446047
0.04357153138661222
0.04357068259924432
0.04356983495235678
0.043568988445949586
0.043568143080022756
0.043567298854576275
0.04356645576961015
0.04356561382512438
0.04356477302111897
0.04356393335759391
0.04356309483454921
0.043562257451984866
0.04356142120990088
0.04356058610829724
0.04355975214717396
0.04355891932653103
0.04355808764636847
0.04355725710668625
0.04355642770748439
0.04355559944876289
0.04355477233052174
0.04355394635276095
0.043553121515480506
0.043552297818680426
0.043551475262360695
0.04355065384652133
0.04354983357116231
0.043549014436283645
0.043548196441885345
0.043547379587967394
0.0435465638745298
0.04354574930157255
0.04354493586909567
0.04354412357709914
0.043543312425582965
0.04354250241454715
0.043541693543991684
0.04354088581391658
0.04354007922432183
0.04353927377520743
0.04353846946657339
0.0435376662984197
0.04353686427074637
0.04353606338355339
0.04353526363684077
0.0435344650306085
0.0435336675648566
0.04353287123958504
0.04353207605479384
0.043531282010482994
0.04353048910665251
0.04352969734330237
0.043528906720432595
0.043528117238043174
0.04352732889613411
0.04352654169470539
0.04352575563375704
0.043524970713289035
0.04352418693330139
0.0435234042937941
0.043522622794767166
0.043521842436220586
0.043521063218154354
0.043520285140568486
0.043519508203462974
0.04351873240683782
0.04351795775069301
0.04351718423502856
0.04351641185984447
0.04351564062514073
0.04351487053091735
0.04351410157717432
0.04351333376391165
0.043512567091129335
0.043511801558827376
0.043511037167005766
0.04351027391566452
0.04350951180480362
0.043508750834423085
0.0435079910045229
0.04350723231510307
0.043506474766163594
0.043505718357704476
0.043504963089725714
0.04350420896222731
0.04350345597520926
0.043502704128671556
0.04350195342261422
0.04350120385703723
0.0435004554319406
0.043499708147324324
0.0434989620031884
0.04349821699953284
0.04349747313635763
0.043496730413662775
0.04349598883144827
0.04349524838971413
0.043494509088460344
0.04349377092768691
0.043493033907393834
0.04349229802758111
0.04349156328824874
0.04349082968939673
0.04349009723102507
0.04348936591313377
0.04348863573572283
0.04348790669879224
0.043487178802342
0.04348645204637212
0.043485726430882596
0.04348500195587343
0.043484278621344616
0.043483556427296156
0.04348283537372805
0.043482115460640305
0.043481396688032914
0.04348067905590588
0.04347996256425919
0.04347924721309287
0.043478533002406894
0.04347781993220128
0.04347710800247602
0.04347639721323111
0.04347568756446656
0.04347497905618237
0.04347427168837853
0.04347356546105505
0.04347286037421192
0.04347215642784915
0.04347145362196673
0.04347075195656467
0.04347005143164296
0.043469352060902
0.04346865612856368
0.04346796148320656
0.04346726812483062
0.04346657605343588
0.04346588526902233
0.04346519577158998
0.043464507561138815
0.04346382063766884
0.04346313500118006
0.04346245065167248
0.04346176758914609
0.04346108581360089
0.04346040532503688
0.04345972612345407
0.04345904820885245
0.043458371581232016
0.04345769624059278
0.043457022186934736
0.04345634942025789
0.04345567794056223
0.04345500774784777
0.04345433884211449
0.04345367122336241
0.043453004891591526
0.04345233984680183
0.04345167608899333
0.04345101361816602
0.043450352434319904
0.04344969253745498
0.043449033927571254
0.043448376604668715
0.04344772056874737
0.043447065819807215
0.043446412357848255
0.04344576018287049
0.04344510929487391
0.04344445969385853
0.043443811379824344
0.043443164352771346
0.04344251861269954
0.043441874159608936
0.043441230993499516
0.04344058911437129
0.043439948522224256
0.043439309217058415
0.04343867119887377
0.04343803446767032
0.04343739902344806
0.043436764866206984
0.04343613199594711
0.04343550041266842
0.043434870116370934
0.043434241107054634
0.04343361338471953
0.04343298694936562
0.0434323618009929
0.04343173793960137
0.043431115365191036
0.043430494077761894
0.04342987407731395
0.04342925536384719
0.043428637937361625
0.04342802179785725
0.04342740694533408
0.043426793379792085
0.043426181101231295
0.043425570109651694
0.04342496040505329
0.04342435198743607
0.04342374485680005
0.04342313901314522
0.04342253445647158
0.04342193118677914
0.04342132920406789
0.04342072850833783
0.043420129099588964
0.04341953097782129
0.043418934143034806
0.04341833859522952
0.04341774433440543
0.043417151360562525
0.04341655967370081
0.0434159692738203
0.043415380160920974
0.04341479233500284
0.043414205796065905
0.04341362054411015
0.0434130365791356
0.04341245390114224
0.043411872510130074
0.043411292406099096
0.04341071358904931
0.043410136058980725
0.043409559815893325
0.04340898485978712
0.04340841119066211
0.04340783880851829
0.043407267713355666
0.043406697905174235
0.04340612938397399
0.043405562149754946
0.04340499620251709
0.043404431542260424
0.043403868168984956
0.043403306082690676
0.04340274528337759
0.0434021857710457
0.043401627545695
0.043401070607325495
0.04340051495593718
0.043399960591530055
0.04339940751410413
0.043398855723659396
0.04339830522019585
0.0433977560037135
0.043397208074212344
0.04339666143169238
0.0433961160761536
0.04339557200759603
0.04339502922601964
0.043394487731424444
0.04339394752381044
0.043393408603177634
0.04339287096952602
0.0433923346228556
0.04339179956316636
0.04339126579045833
0.043390733304731484
0.04339020210598583
0.043389672194221365
0.0433891435694381
0.04338861623163603
0.043388090180815145
0.04338756541697546
0.04338704194011696
0.043386519750239654
0.043385998847343545
0.043385479231428624
0.0433849609024949
0.04338444386054237
0.043383928105571026
0.04338341363758088
0.04338290045657193
0.043382388562544165
0.0433818779554976
0.04338136863543222
0.04338086060234803
0.043380353856245044
0.04337984839712324
0.04337934422498264
0.043378841339823226
0.043378339741645004
0.04337783943044798
0.04337734040623214
0.0433768426689975
0.04337634621874405
0.043375851055471794
0.04337535717918073
0.04337486458987086
0.04337437328754218
0.04337388327219469
0.043373394543828395
0.0433729071024433
0.04337242094803939
0.04337193608061667
0.04337145250017515
0.04337097020671482
0.04337048920023568
0.043370009480737735
0.043369531048220986
0.043369053902685424
0.04336857804413106
0.04336810347255789
0.043367630187965904
0.043367158190355116
0.043366687479725524
0.04336621805607712
0.043365749919409904
0.04336528306972389
0.043364817507019066
0.043364353231295436
0.043363890242552994
0.04336342854079175
0.04336296812601169
0.04336250899821283
0.04336205115739516
0.043361594603558686
0.0433611393367034
0.04336068535682931
0.04336023266393641
0.043359781258024706
0.043359331139094195
0.04335888230714487
0.04335843476217675
0.04335798850418981
0.04335754353318407
0.04335709984915952
0.043356657452116164
0.043356216342054
0.04335577651897303
0.04335533798287325
0.04335490073375466
0.04335446477161727
0.04335403009646107
0.04335359670828606
0.043353164607092244
0.04335273379287962
0.04335230426564819
0.04335187602539796
0.043351449072128914
0.04335102340584106
0.0433505990265344
0.04335017593420894
0.04334975412886466
0.04334933361050158
0.04334891437911969
0.043348496434719
0.04334807977729949
0.04334766440686118
0.043347250323404064
0.04334683752692814
0.0433464260174334
0.04334601579491987
0.04334560685938752
0.04334519921083636
0.0433447928492664
0.04334438777467763
0.04334398398707006
0.043343581486443676
0.04334318027279848
0.04334278034613449
0.04334238170645168
0.043341984353750064
0.04334158828802964
0.043341193509290415
0.043340800017532384
0.04334040781275554
0.04334001689495989
0.04333962726414543
0.04333923892031217
0.0433388518634601
0.04333846609358922
0.04333808161069953
0.043337698414791036
0.04333731650586374
0.04333693588391763
0.043336556548952715
0.04333617850096899
0.04333580173996646
0.04333542626594512
0.04333505207890498
0.04333467917884602
0.04333430756576827
0.043333937239671695
0.043333568200556324
0.04333320044842214
0.043332833983269155
0.043332468805097356
0.04333210491390675
0.043331742309697344
0.04333138099246912
0.0433310214607091
0.04333066517315288
0.043330310246270834
0.04332995668006297
0.04332960447452928
0.04332925362966976
0.04332890414548442
0.043328556021973254
0.04332820925913627
0.04332786385697345
0.04332751981548481
0.043327177134670346
0.04332683581453006
0.04332649585506395
0.04332615725627201
0.04332582001815425
0.04332548414071066
0.04332514962394125
0.043324816467846014
0.04332448467242495
0.04332415423767807
0.04332382516360536
0.043323497450206826
0.04332317109748247
0.043322846105432286
0.043322522474056276
0.04332220020335445
0.043321879293326794
0.04332155974397331
0.043321241555294
0.04332092472728887
0.04332060925995792
0.04332029515330114
0.04331998240731853
0.043319671022010106
0.04331936099737586
0.04331905233341578
0.04331874503012988
0.043318439087518146
0.0433181345055806
0.043317831284317224
0.043317529423728025
0.043317228923813
0.04331692978457215
0.043316632006005475
0.04331633558811297
0.043316040530894655
0.04331574683435051
0.04331545449848053
0.04331516352328474
0.04331487390876312
0.04331458565491567
0.0433142987617424
0.0433140132292433
0.043313729057418385
0.043313446246267644
0.04331316479579107
0.04331288470598868
0.043312605976860465
0.04331232860840642
0.04331205260062655
0.04331177795352086
0.04331150466708935
0.04331123274133201
0.04331096217624884
0.04331069297183985
0.04331042512810504
0.0433101586450444
0.04330989352265794
0.04330962976094565
0.043309367359907536
0.0433091063195436
0.04330884663985384
0.043308588320838254
0.043308331362496844
0.04330807576482961
0.04330782152783655
0.043307568651517664
0.04330731713587296
0.04330706698090242
0.04330681818660607
0.04330657075298388
0.043306324680035875
0.04330607996776204
0.043305836616162385
0.04330559462523691
0.043305353994985606
0.043305114725408475
0.04330487681650552
0.04330464026827674
0.043304405080722135
0.04330417125384171
0.04330393878763546
0.04330370768210338
0.043303477937245476
0.04330324955306175
0.043303022529552204
0.04330279686671683
0.04330257256455563
0.0433023496230686
0.04330212804225576
0.04330190782211708
0.04330168896265258
0.04330147146386226
0.043301255325746114
0.043301040548304144
0.043300827131536344
0.04330061507544273
0.043300404380023284
0.04330019504527801
0.04329998707120692
0.04329978045781
0.04329957520508725
0.04329937131303869
0.043299168781664295
0.04329896761096408
0.04329876780093803
0.04329856935158617
0.04329837226290848
0.04329817653490496
0.043297982167575626
0.04329778916092046
0.04329759751493947
0.043297407229632656
0.04329721830500002
0.043297030741041555
0.04329684453775727
0.043296659695147156
0.04329647621321122
0.04329629409194946
0.04329611333136187
0.04329593393144847
0.043295755892209235
0.04329557921364417
0.04329540389575329
0.04329522993853658
0.04329505734199405
0.04329488610612569
0.04329471623093151
0.0432945477164115
0.043294380562565675
0.04329421476939402
0.04329405033689654
0.04329388726507323
0.043293725553924106
0.04329356520344915
0.04329340621364837
0.04329324858452177
0.04329309231606934
0.04329293740829109
0.04329278386118701
0.043292631674757116
0.04329248084900139
0.04329233138391984
0.04329218327951247
0.04329203653577927
0.04329189115272024
0.043291747130335394
0.04329160446862472
0.04329146316758822
0.0432913232272259
0.043291184647537756
0.043291047428523785
0.043290911570183985
0.04329077707251837
0.04329064393552692
0.043290512159209656
0.04329038174356656
0.043290252688597645
0.043290124994302896
0.04328999866068233
0.04328987368773594
0.04328975007546372
0.04328962782386568
0.04328950693294182
0.04328938740269213
0.043289269233116615
0.04328915242421527
0.043289036975988106
0.04328892288843512
0.04328881016155631
0.043288698795351674
0.04328858878982121
0.04328848014496492
0.04328837286078281
0.043288266937274875
0.043288162374441115
0.04328805917228153
0.04328795733079612
0.04328785684998489
0.04328775772984783
0.043287659970384945
0.04328756357159624
0.043287468533481706
0.04328737485604135
0.04328728253927517
0.043287191583183164
0.04328710198776533
0.04328701375302168
0.0432869268789522
0.0432868413655569
0.043286757212835765
0.04328667442078881
0.043286592989416034
0.043286512918717435
0.043286434208693006
0.043286356859342755
0.04328628087066668
0.04328620624266478
0.04328613297533705
0.043286061068683504
0.04328599052270413
0.04328592133739893
0.04328585351276791
0.04328578704881106
0.04328572194552839
0.043285658202919894
0.043285595820985574
0.043285534799725425
0.043285475139139454
0.04328541683922766
0.04328535989999004
0.0432853043214266
0.04328525010353733
0.04328519724632224
0.04328514574978132
0.043285095613914575
0.04328504683872201
0.043284999424203614
0.043284953370359404
0.043284908677189364
0.043284865344693495
0.0432848233728718
0.04328478276172429
0.04328474351125095
0.04328470562145179
0.043284669092326804
0.04328463392387599
0.04328460011609935
0.04328456766899689
0.0432845365825686
0.043284506856814495
0.04328447849173456
0.043284451487328804
0.043284425843597214
0.04328440156053981
0.043284378638156575
0.04328435707644752
0.04328433687541263
0.04328431803505193
0.0432843005553654
0.04328428443635304
0.04328426967801486
0.043284256280350854
0.043284244243361025
0.04328423356704537
0.043284224251403894
0.04328421629643659
0.04328420970214346
0.04328420446852451
0.04328420059557973
0.043284198083309126