0.049394863049471244
0.049394838999000074
0.04939481328950186
0.049394785920976604
0.0493947568934243
0.049394726206844944
0.04939469386123854
0.0493946598566051
0.0493946241929446
0.049394586870257065
0.04939454788854248
0.049394507247800847
0.049394464948032166
0.04939442098923644
0.04939437537141367
0.049394328094563844
0.04939427915868698
0.04939422856378307
0.04939417630985211
0.0493941223968941
0.04939406682490905
0.04939400959389695
0.049393950703857804
0.04939389015479161
0.049393827946698374
0.04939376407957809
0.04939369855343075
0.04939363136825638
0.049393562524054954
0.04939349202082648
0.04939341985857096
0.04939334603728839
0.049393270556978786
0.049393193417642124
0.049393114619278415
0.049393034161887665
0.04939295204546987
0.04939286827002502
0.04939278283555313
0.04939269574205419
0.04939260698952821
0.04939251657797518
0.049392424507395095
0.04939233077778797
0.0493922353891538
0.04939213834149258
0.04939203963480432
0.049391939269089004
0.04939183724434665
0.049391733560577245
0.04939162821778079
0.049391521215957294
0.04939141255510675
0.04939130223522916
0.04939119025632452
0.049391076618392836
0.049390961321434106
0.04939084436544833
0.0493907257504355
0.049390605476395635
0.049390483543328714
0.04939035995123475
0.04939023470011374
0.049390107789965686
0.04938997922079058
0.04938984899258843
0.04938971710535923
0.04938958355910299
0.0493894483538197
0.04938931148950936
0.04938917296617198
0.049389032783807546
0.04938889094241607
0.049388747441997546
0.04938860228255197
0.049388455464079356
0.04938830698657969
0.04938815685005298
0.04938800505449923
0.049387851599918424
0.04938769648631057
0.049387539713675675
0.04938738128201373
0.04938722119132474
0.049387059441608705
0.049386896032865626
0.04938673096509549
0.04938656423829832
0.0493863958524741
0.04938622580762283
0.04938605410374451
0.04938588074083915
0.049385705718906735
0.04938552903794728
0.04938535069796078
0.049385170698947226
0.04938498904090663
0.04938480572383899
0.0493846207477443
0.04938443411262256
0.04938424581847378
0.049384055865297954
0.04938386425309508
0.049383670981865156
0.049383476051608186
0.049383279462324174
0.04938308121401311
0.049382881306675
0.04938267974030985
0.049382476514917645
0.049382271630498395
0.0493820650870521
0.04938185688457876
0.049381647023078366
0.04938143550255093
0.04938122232299645
0.04938100748441492
0.049380790986806346
0.04938057283017073
0.049380353014508056
0.049380131539818344
0.04937990840610158
0.049379683613357775
0.04937945716158692
0.049379229050789016
0.04937899928096407
0.04937876785211207
0.04937853476423303
0.049378300017326945
0.04937806361139381
0.04937782554643363
0.0493775858224464
0.049377344439432126
0.04937710139739081
0.049376856696322434
0.04937661033622702
0.049376362317104565
0.049376112638955055
0.0493758613017785
0.0493756083055749
0.049375353650344254
0.04937509733608656
0.04937483936280182
0.04937457973049003
0.049374318439151195
0.04937405548878532
0.049373790879392386
0.049373524610972414
0.04937325668352539
0.049372987097051325
0.04937271585155022
0.049372442947022054
0.04937216838346685
0.04937189216088459
0.04937161427927529
0.049371334738638945
0.04937105353897555
0.049370770680285114
0.049370486162567624
0.04937019998582309
0.049369912150051515
0.04936962265525289
0.049369331501427215
0.04936903868857449
0.049368744216694724
0.049368448085787914
0.049368150295854056
0.04936785084689315
0.0493675497389052
0.0493672469718902
0.04936694254584815
0.04936663646077906
0.049366328716682915
0.04936601931355973
0.0493657082514095
0.04936539553023222
0.04936508115002789
0.04936476511079652
0.0493644474125381
0.049364128055252636
0.049363807038940125
0.049363484363600565
0.04936316002923396
0.049362834035840304
0.04936250638341961
0.049362177071971866
0.04936184610149707
0.04936151347199523
0.049361179183466344
0.04936084323591042
0.049360505629327436
0.049360166363717414
0.04935982543908034
0.04935948285541622
0.049359138612725055
0.04935879271100684
0.04935844515026159
0.04935809593048928
0.04935774505168993
0.04935739251386353
0.049357038317010084
0.04935668246112959
0.04935632494622206
0.04935596577228747
0.04935560493932584
0.04935524244733716
0.04935487829632144
0.049354512486278666
0.04935414501720885
0.04935377588911198
0.049353405101988074
0.04935303265583711
0.04935265855065911
0.04935228278645406
0.04935190536322196
0.049351526280962815
0.04935114553967663
0.04935076313936339
0.049350379080023106
0.049349993361655776
0.0493496059842614
0.049349216947839974
0.0493488262523915
0.04934843389791599
0.04934803988441342
0.04934764421188381
0.049347246880327156
0.04934684788974345
0.0493464472401327
0.0493460449314949
0.04934564096383006
0.04934523533713817
0.04934482805141923
0.04934441910667325
0.04934400850290022
0.049343596240100145
0.04934318231827302
0.04934276673741885
0.04934234949753764
0.04934193059862937
0.04934151004069406
0.04934108782373171
0.0493406639477423
0.04934023841272585
0.049339811218682354
0.04933938236561181
0.049338951853514224
0.04933851968238959
0.0493380858522379
0.04933765036305918
0.0493372132148534
0.049336774407620576
0.04933633394136071
0.04933589181607379
0.04933544803175983
0.049335002588418816
0.049334555486050764
0.04933410672465566
0.04933365630423351
0.049333204224784315
0.04933275048630807
0.04933229508880478
0.04933183803227445
0.049331379316717064
0.04933091894213264
0.04933045690852116
0.04932999321588264
0.04932952786421707
0.04932906085352445
0.049328592183804795
0.04932812185505809
0.04932764986728433
0.04932717622048353
0.04932670091465568
0.04932622394980079
0.049325745325918845
0.04932526504300985
0.04932478310107382
0.04932429950011074
0.04932381424012061
0.049323327321103436
0.04932283874305921
0.04932234850598795
0.04932185660988963
0.04932136305476427
0.04932086784061186
0.04932037096743241
0.049319872435225905
0.04931937224399236
0.04931887039373176
0.049318366884444124
0.04931786171612944
0.049317354888787704
0.04931684640241892
0.04931633625702309
0.04931582445260022
0.0493153109891503
0.04931479586667333
0.04931427908516932
0.04931376064463826
0.04931324054508015
0.04931271878649499
0.049312195368882795
0.04931167029224355
0.04931114355657725
0.04931061516188391
0.04931008510816353
0.049309553395416095
0.04930902002364161
0.04930848499284009
0.049307948303011516
0.04930740995415589
0.04930686994627322
0.049306328279363515
0.04930578495342675
0.04930523996846295
0.04930469332447209
0.04930414502145419
0.04930359505940925
0.04930304343833725
0.04930249015823821
0.04930193521911213
0.04930137862095899
0.049300820363778815
0.04930026044757159
0.049299698872337316
0.049299135638075996
0.04929857074478763
0.04929800419247222
0.049297435981129754
0.04929686611076025
0.0492962945813637
0.0492957213929401
0.04929514654548946
0.04929457003901176
0.049293991873507026
0.049293412048975235
0.049292830565416404
0.049292247422830525
0.0492916626212176
0.04929107616057763
0.04929048804091061
0.049289898262216546
0.04928930682449543
0.04928871372774727
0.049288118971972064
0.04928752255716982
0.049286924483340516
0.049286324750484174
0.04928572335860078
0.04928512030769034
0.049284515597752855
0.04928390922878832
0.04928330120079675
0.04928269151377812
0.04928208016773245
0.04928146716265973
0.049280852498559964
0.04928023617543315
0.0492796181932793
0.04927899855209839
0.04927837725189044
0.04927775429265544
0.0492771296743934
0.04927650339710431
0.04927587546078817
0.04927524586544498
0.049274614611074755
0.04927398169767747
0.04927334712525315
0.04927271089380178
0.04927207300332336
0.049271433453817896
0.04927079224528539
0.04927014937772583
0.04926950485113923
0.04926885866552558
0.04926821082088488
0.049267561317217136
0.04926691015452234
0.0492662573328005
0.04926560285205162
0.049264946712275694
0.04926428891347272
0.04926362945564269
0.04926296833878562
0.0492623055629015
0.04926164112799034
0.04926097503405213
0.04926030728108687
0.04925963786909457
0.04925896679807522
0.04925829406802882
0.04925761967895538
0.04925694363085489
0.04925626592372735
0.04925558655757277
0.04925490553239114
0.04925422284818246
0.049253538504946744
0.04925285250268397
0.04925216484139416
0.04925147552107729
0.04925078454173338
0.04925009190336242
0.049249397605964425
0.04924870164953937
0.04924800403408728
0.04924730475960813
0.049246603826101944
0.04924590123356871
0.049245196982008424
0.0492444910714211
0.04924378350180672
0.0492430742731653
0.04924236338549683
0.04924165083880131
0.049240936633078755
0.049240220768329145
0.049239503244552486
0.04923878406174879
0.049238063219918034
0.04923734071906024
0.0492366165591754
0.04923589074026351
0.04923516326232458
0.04923443412535859
0.049233703329365566
0.049232970874345486
0.049232236760298365
0.049231500987224196
0.049230763555122986
0.04923002446399472
0.04922928371383941
0.04922854130465706
0.04922779723644766
0.04922705150921121
0.04922630412294771
0.04922555507765717
0.049224804373339585
0.04922405200999495
0.04922329798762327
0.04922254230622454
0.049221784965798765
0.04922102596634594
0.04922026530786608
0.04921950299035916
0.0492187390138252
0.049217973378264196
0.04921720608367614
0.04921643713006104
0.04921566651741889
0.049214894245749694
0.049214120315053456
0.04921334472533017
0.04921256747657984
0.049211788568802456
0.04921100800199803
0.04921022577616655
0.049209441891308034
0.04920865634742246
0.04920786914450985
0.04920708028257019
0.04920628976160348
0.049205497581609726
0.04920470374258893
0.04920390824454108
0.04920311108746619
0.04920231227136425
0.04920151179623526
0.04920070966207923
0.049199905868896145
0.04919910041668602
0.049198293305448844
0.049197484535184625
0.04919667410589336
0.049195862017575046
0.04919504827022969
0.04919423286385728
0.049193415798457825
0.04919259707403133
0.04919177669057778
0.04919095464809719
0.04919013094658955
0.04918930558605486
0.04918847856649313
0.049187649887904354
0.04918681955028852
0.04918598755364565
0.04918515389797573
0.04918431858327876
0.049183481609554755
0.04918264297680369
0.04918180268502559
0.04918096073422044
0.04918011712438824
0.04917927185552899
0.0491784249276427
0.04917757634072936
0.04917672609478897
0.04917587418982154
0.049175020625827064
0.04917416540280554
0.049173308520756964
0.04917244997968135
0.04917158977957868
0.04917072792044897
0.049169864402292214
0.04916899922510841
0.049168132388897556
0.049167263893659656
0.04916639373939471
0.04916552192610272
0.04916464845378368
0.0491637733224376
0.049162896532064466
0.04916201808266429
0.04916113797423706
0.04916025620678279
0.04915937278030147
0.049158487694793106
0.049157600950257695
0.049156712546695236
0.04915582248410573
0.04915493076248918
0.04915403738184558
0.04915314234217494
0.04915224564347725
0.04915134728575251
0.049150447269000724
0.0491495455932219
0.04914864225841602
0.049147737264583095
0.04914683061172312
0.0491459222998361
0.04914501232892204
0.04914410069898093
0.04914318741001277
0.04914227246201757
0.049141355854995315
0.04914043758894602
0.049139517663869675
0.049138596079766284
0.04913767283663585
0.049136747934478364
0.049135821373293836
0.049134893153082254
0.04913396327384363
0.04913303173557796
0.04913209853828525
0.04913116368196548
0.049130227166618676
0.049129288992244814
0.04912834915884391
0.04912740766641596
0.049126464514960964
0.049125519704478926
0.04912457323496983
0.0491236251064337
0.04912267531887051
0.04912172387228028
0.049120770766663005
0.04911981600201869
0.049118859578347315
0.049117901495648895
0.049116941753923435
0.04911598035317093
0.04911501729339137
0.04911405257458477
0.049113086196751116
0.049112118159890424
0.04911114846400268
0.04911017710908789
0.049109204095146054
0.04910822942217717
0.04910725309018124
0.04910627509915827
0.049105295449108244
0.04910431414003118
0.049103331171927056
0.049102346544795894
0.04910136025863769
0.049100372313452434
0.04909938270924013
0.04909839144600078
0.04909739852373439
0.04909640394244094
0.04909540770212045
0.04909440980277292
0.04909341024439834
0.04909240902699671
0.049091406150568034
0.049090401615112314
0.049089395420629546
0.04908838756711973
0.04908737805458287
0.049086366883018956
0.049085354052428004
0.049084339562810005
0.04908332341416496
0.04908230560649286
0.04908128613979372
0.04908026501406753
0.0490792422293143
0.04907821778553401
0.04907719168272669
0.04907616392089231
0.04907513450003089
0.04907410342014242
0.04907307068122691
0.04907203628328435
0.04907100022631474
0.04906996251031809
0.04906892313529439
0.04906788210124364
0.04906683940816584
0.049065795056061
0.049064749044929114
0.04906370137477018
0.0490626520455842
0.049061601057371174
0.0490605484101311
0.049059494103863975
0.04905843813856981
0.0490573805142486
0.049056321230900334
0.04905526028852503
0.04905419768712267
0.04905313342669328
0.04905206750723683
0.049050999928753336
0.04904993069124279
0.049048859794705205
0.04904778723914057
0.049046713024548896
0.04904563715093017
0.04904455961828439
0.04904348042661157
0.04904239957591171
0.049041317066184795
0.049040232897430834
0.049039147069649826
0.04903805958284178
0.04903697043700667
0.04903587963214453
0.04903478716825534
0.0490336930453391
0.04903259726339581
0.049031499822425474
0.0490304007224281
0.04902929996340367
0.049028197545352196
0.04902709346827368
0.04902598773216811
0.0490248803370355
0.04902377128287584
0.04902266056968913
0.04902154819747538
0.04902043416623458
0.04901931847596674
0.049018201126671844
0.0490170821183499
0.04901596145100092
0.04901483912462489
0.04901371513922181
0.04901258949479168
0.04901146219133451
0.049010333228850296
0.04900920260733903
0.04900807032680071
0.049006936387235356
0.04900580078864295
0.0490046635310235
0.049003524614377
0.04900238403870345
0.049001241804002865
0.04900009791027522
0.04899895235752054
0.04899780514573881
0.04899665627493003
0.0489955057450942
0.048994353556231336
0.048993199708341414
0.04899204420142445
0.04899088703548044
0.048989728210509384
0.04898856772651128
0.048987405583486125
0.048986241781433924
0.04898507632035468
0.04898390920024839
0.048982740421115056
0.04898156998295467
0.04898039788576724
0.04897922412955276
0.04897804871431124
0.04897687164004266
0.04897569290674705
0.04897451251442438
0.04897333046307467
0.04897214675269792
0.04897096138329411
0.04896977435486326
0.04896858566740536
0.04896739532092042
0.04896620331540843
0.04896500965086939
0.04896381432730331
0.04896261734471018
0.04896141870309
0.04896021840244277
0.0489590164427685
0.04895781282406719
0.04895660754633883
0.048955400609583415
0.04895419201380096
0.04895298175899145
0.048951769845154904
0.04895055627229131
0.04894934104040066
0.04894812414948298
0.04894690559953824
0.04894568539056646
0.04894446352256762
0.048943239995541746
0.04894201480948882
0.04894078796440886
0.04893955946030184
0.04893832929716778
0.048937097475006665
0.04893586399381851
0.04893462885360331
0.048933392054361056
0.048932153596091765
0.04893091347879542
0.04892967170247203
0.04892842826712159
0.04892718317274411
0.04892593641933958
0.048924688006908
0.048923437935449385
0.04892218620496371
0.048920932815451
0.04891967776691124
0.04891842105934443
0.04891716269275057
0.04891590266712967
0.04891464098248172
0.048913377638806724
0.04891211263610468
0.048910845974375596
0.04890957765361946
0.048908307673836277
0.048907036035026046
0.048905762737188774
0.04890448778032445
0.04890321116443308
0.048901932889514665
0.0489006529555692
0.04889937136259669
0.04889808811059714
0.048896803199570536
0.04889551662951689
0.048894228400436196
0.048892938512328454
0.048891646965193665
0.04889035375903183
0.04888905889384295
0.048887762369627025
0.048886464186384045
0.048885164344114024
0.048883862842816955
0.048882559682492846
0.04888125486314168
0.04887994838476347
0.04887864024735822
0.04887733045092592
0.04887601899546657
0.048874705880980175
0.04887339110746673
0.04887207467492625
0.04887075658335871
0.04886943683276413
0.048868115423142504
0.04886679235449383
0.04886546762681811
0.048864126096818644
0.04886277376617706
0.048861420871372026
0.04886006741240355
0.04885871338927162
0.048857358801976246
0.04885600365051742
0.04885464793489514
0.04885329165510942
0.04885193481116025
0.04885057740304763
0.048849219430771564
0.048847860894332046
0.04884650179372908
0.04884514212896267
0.04884378190003281
0.048842421106939496
0.04884105974968274
0.04883969782826253
0.048838335342678875
0.04883697229293177
0.04883560867902122
0.04883424450094721
0.048832879758709764
0.04883151445230887
0.048830148581744524
0.048828782147016726
0.04882741514812548
0.048826047585070795
0.048824679457852654
0.04882331076647106
0.048821941510926024
0.04882057169121754
0.04881920130734561
0.04881783035931022
0.048816458847111395
0.04881508677074911
0.04881371413022338
0.04881234092553421
0.04881096715668158
0.04880959282366551
0.048808217926485986
0.04880684246514302
0.0488054664396366
0.04880408984996673
0.04880271269613341
0.04880133497813665
0.048799956695976435
0.048798577849652774
0.04879719843916567
0.04879581846451511
0.0487944379257011
0.04879305682272365
0.04879167515558274
0.04879029292427839
0.04878891012881059
0.04878752676917934
0.04878614284538464
0.048784758357426496
0.048783373305304904
0.04878198768901986
0.04878060150857137
0.04877921476395943
0.04877782745518404
0.04877643958224521
0.04877505114514292
0.04877366214387718
0.048772272578448
0.04877088244885537
0.048769491755099294
0.048768100497179764
0.04876670867509679
0.04876531628885036
0.04876392333844049
0.048762529823867175
0.0487611357451304
0.048759741102230185
0.04875834589516652
0.0487569501239394
0.04875555378854884
0.04875415688899482
0.04875275942527736
0.048751361397396456
0.0487499628053521
0.04874856364914429
0.048747163928773034
0.048745763644238334
0.04874436279554018
0.048742961382678585
0.048741559405653535
0.048740156864465034
0.048738753759113095
0.048737350089597696
0.04873594585591885
0.048734541058076564
0.04873313569607082
0.04873172976990164
0.048730323279569
0.048728916225072916
0.04872750860641338
0.0487261004235904
0.04872469167660397
0.04872328236545409
0.04872187249014077
0.04872046205066399
0.048719051047023766
0.048717639479220094
0.04871622734725297
0.0487148146511224
0.04871340139082839
0.04871198756637092
0.04871057317775
0.04870915822496564
0.04870774270801783
0.04870632662690657
0.048704909981631864
0.048703492772193706
0.048702074998592096
0.04870065666082704
0.04869923775889854
0.04869781829280659
0.04869639826255119
0.04869497766813234
0.04869355650955005
0.0486921347868043
0.04869071249989511
0.048689289648822465
0.048687866233586376
0.048686442254186835
0.04868501771062385
0.04868359260289742
0.04868216693100753
0.0486807406949542
0.04867931389473742
0.048677886530357185
0.04867645860181351
0.048675030109106385
0.04867360105223581
0.04867217143120178
0.04867074124600431
0.04866931049664339
0.048667879183119024
0.0486664473054312
0.048665014863579936
0.048663581857565225
0.04866214828738706
0.04866071415304545
0.04865927945454039
0.048657844191871885
0.04865640836503993
0.048654971974044524
0.04865353501888567
0.04865209749956337
0.048650659416077616
0.04864922076842842
0.04864778155661577
0.048646341780639674
0.04864490144050013
0.048643460536197135
0.0486420190677307
0.0486405770351008
0.04863913443830747
0.04863769127735068
0.04863624755223044
0.04863480326294676
0.04863335840949963
0.04863191299188905
0.04863046701011502
0.04862902046417754
0.048627573354076616
0.04862612567981224
0.04862467744138442
0.04862322863879315
0.04862177927203842
0.04862032934112026
0.04861887884603864
0.04861742778679358
0.04861597616338506
0.048614523975813104
0.04861307122407769
0.048611617908178834
0.04861016402811652
0.04860870958389077
0.048607254575501566
0.04860579900294891
0.04860434286623281
0.04860288616535326
0.04860142890031026
0.04859997107110381
0.048598512677733914
0.048597053720200574
0.04859559419850378
0.04859413411264354
0.04859267346261985
0.048591212248432714
0.04858975047008213
0.048588288127568095
0.04858682522089061
0.048585361750049676
0.048583897715045295
0.04858243311587747
0.04858096795254619
0.04857950222505147
0.04857803593339329
0.04857656907757167
0.0485751016575866
0.04857363367343808
0.04857216512512611
0.048570696012650696
0.04856922633601183
0.04856775609520952
0.04856628529024375
0.048564813921114544
0.04856334198782189
0.04856186949036578
0.048560396428746225
0.04855892280296322
0.048557448613016765
0.048555973858906865
0.04855449854063352
0.04855302265819672
0.04855154621159647
0.048550069200832775
0.048548591625905635
0.04854711348681504
0.048545634783561005
0.048544155516143515
0.048542675684562574
0.048541195288818194
0.048539714328910355
0.04853823280483908
0.04853675071660434
0.04853526806420616
0.048533784847644534
0.04853230106691946
0.04853081672203093
0.048529331812978964
0.048527846339763536
0.04852636030238467
0.04852487370084235
0.04852338653513658
0.04852189880526737
0.0485204105112347
0.04851892165303859
0.04851743223067903
0.04851594224415602
0.04851445169346956
0.04851296057861965
0.0485114688996063
0.0485099766564295
0.04850848384908924
0.04850699047758554
0.048505496541918394
0.048504002042087796
0.04850250697809375
0.04850101134993626
0.04849951515761532
0.048498018401130924
0.048496521080483086
0.048495023195671796
0.04849352474669706
0.048492025733558874
0.04849052615625724
0.04848902601479216
0.04848752530916363
0.04848602403937165
0.04848452220541622
0.04848301980729734
0.04848151684501502
0.04848001331856925
0.04847850922796003
0.048477004573187356
0.04847549935425124
0.04847399357115167
0.04847248722388865
0.04847098031246219
0.04846947283687228
0.04846796479711892
0.04846645619320211
0.04846494702512185
0.04846343729287814
0.04846192699647099
0.04846041613590039
0.04845890471116634
0.04845739272226884
0.04845588016920789
0.04845436705198349
0.04845285337059565
0.04845133912504435
0.04844982431532961
0.04844830894145142
0.04844679300340978
0.04844527650120469
0.048443759434836156
0.04844224180430417
0.048440723609608737
0.04843920485074986
0.04843768552772753
0.04843616564054175
0.04843464518919252
0.04843312417367985
0.048431602594003725
0.04843008045016415
0.04842855774216113
0.04842703446999466
0.048425510633664744
0.04842398623317137
0.048422461268514565
0.0484209357396943
0.048419409646710584
0.04841788298956343
0.04841635576825282
0.04841482798277876
0.048413299633141255
0.0484117707193403
0.0484102412413759
0.04840871119924805
0.04840718059295675
0.048405649422502
0.0484041176878838
0.04840258538910216
0.04840105252615707
0.04839951909904852
0.048397985107776535
0.0483964505523411
0.04839491543274221
0.04839337974897987
0.04839184350105409
0.04839030668896486
0.048388769312712174
0.048387231372296044
0.04838569286771647
0.04838415379897344
0.04838261416606696
0.04838107396899704
0.04837953320776367
0.04837799188236685
0.04837644999280658
0.04837490753908286
0.0483733645211957
0.048371820939145084
0.04837027679293102
0.04836873208255351
0.04836718680801255
0.04836564096930814
0.04836409456644029
0.04836254759940898
0.04836100006821423
0.04835945197285602
0.04835790331333437
0.04835635408964928
0.04835480430180073
0.04835325394978873
0.04835170303361329
0.04835015155327439
0.04834859950877206
0.048347046900106265
0.04834549372727703
0.04834393999028434
0.04834238568912821
0.04834083082380862
0.04833927539432559
0.04833771940067911
0.04833616284286918
0.048334605720895804
0.04833304803475898
0.048331489784458705
0.04832993096999498
0.04832837159136781
0.04832681164857719
0.04832525114162312
0.048323690070505604
0.04832212843522464
0.048320566235780224
0.04831900347217236
0.04831744014440105
0.04831587625246629
0.04831431179636809
0.048312746776106426
0.048311181191681325
0.04830961504309277
0.04830804833034077
0.04830648105342532
0.04830491321234642
0.048303344807104076
0.04830177583769828
0.04830020630412903
0.04829863620639634
0.0482970655445002
0.048295494318440615
0.04829392252821758
0.04829235017383109
0.04829077725528116
0.04828920377256777
0.04828762972569094
0.04828605511465066
0.048284479939446935
0.04828290420007975
0.04828132789654913
0.04827975102885505
0.048278173596997535
0.048276595600976566
0.048275017040792144
0.04827343791644428
0.04827185822793296
0.048270277975258194
0.048268697158419985
0.04826711577741832
0.04826553383225321
0.04826395132292465
0.04826236824943264
0.048260784611777185
0.048259200409958285
0.04825761564397593
0.048256030313830134
0.048254444419520884
0.04825285796104818
0.048251270938412034
0.04824968335161244
0.0482480952006494
0.04824650648552291
0.048244917206232966
0.04824332736277958
0.04824173695516274
0.04824014598338246
0.04823855444743872
0.04823696234733154
0.04823536968306091
0.04823377645462683
0.0482321826620293
0.04823058830526832
0.0482289933843439
0.04822739789925603
0.048225801850004704
0.048224205236589934
0.04822260805901171
0.048221010317270045
0.04821941201136493
0.04821781314129637
0.04821621370706436
0.0482146137086689
0.048213013146109984
0.048211412019387626
0.04820981032850182
0.048208208073452566
0.048206605254239865
0.04820500187086371
0.04820339792332411
0.04820179341162106
0.04820018833575456
0.04819858269572462
0.04819697649153122
0.04819536972317438
0.04819376239065409
0.04819215449397035
0.048190546033123165
0.048188937008112526
0.04818732741893844
0.048185717265600905
0.048184106548099924
0.0481824952664355
0.04818088342060761
0.04817927101061629
0.04817765803646151
0.048176044498143285
0.04817443039566161
0.048172815729016494
0.048171200498207924
0.04816958470323591
0.04816796834410044
0.04816635142080152
0.04816473393333916
0.04816311588171335
0.048161497265924086
0.04815987808597138
0.04815825834185522
0.048156638033575616
0.04815501716113256
0.04815339572452606
0.048151773723756106
0.04815015115882271
0.04814852802972586
0.04814690433646556
0.04814528007904181
0.04814365525745462
0.048142029871703976
0.048140403921789886
0.04813877740771235
0.04813715032947136
0.048135522687066924
0.04813389448049904
0.04813226570976771
0.04813063637487293
0.048129006475814695
0.048127376012593016
0.04812574498520789
0.04812411339365932
0.048122481237947295
0.04812084851807182
0.0481192152340329
0.04811758138583053
0.04811594697346471
0.048114311996935444
0.04811267645624273
0.048111040351386566
0.04810940368236696
0.048107766449183895
0.04810612865183739
0.04810449029032743
0.048102851364654024
0.04810121187481717
0.04809957182081687
0.04809793120265312
0.04809629002032592
0.04809464827383527
0.048093005963181175
0.04809136308836363
0.048089719649382634
0.048088075646238196
0.048086431078930306
0.04808478594745896
0.048083140251824176
0.048081493992025943
0.04807984716806426
0.04807819977993913
0.04807655182765055
0.048074903311198514
0.04807325423058304
0.04807160458580411
0.048069954376861734
0.04806830360375591
0.04806665226648664
0.04806500036505392
0.04806334789945775
0.048061694869698135
0.04806004127577507
0.048058387117688554
0.048056732395438596
0.04805507710902518
0.048053421258448324
0.04805176484370802
0.04805010786480426
0.04804845032173705
0.0480467922145064
0.048045133543112295
0.04804347430755475
0.04804181450783375
0.0480401541439493
0.0480384932159014
0.04803683172369006
0.04803516966731527
0.04803350704677703
0.04803184386207534
0.0480301801132102
0.04802851580018161
0.04802685092298958
0.04802518548163409
0.04802351947611516
0.04802185290643278
0.04802018577258695
0.048018518074577674
0.04801684981240495
0.04801518098606877
0.04801351159556915
0.04801184164090608
0.04801017112207956
0.048008500039089595
0.04800682839193618
0.04800515618061931
0.048003483405139
0.04800181006549523
0.04800013616168802
0.04799846169371737
0.04799678666158326
0.0479951110652857
0.047993434904824696
0.047991758180200246
0.047990080891412344
0.04798840303846099
0.0479867246213462
0.04798504564006795
0.04798336609462625
0.04798168598502111
0.047980005311252516
0.04797832407332048
0.04797664227122499
0.04797495990496605
0.04797327697454366
0.04797159347995783
0.047969909421208545
0.047968224798295815
0.04796653961121963
0.047964853859980006
0.047963167544576926
0.0479614806650104
0.04795979322128043
0.04795810521338701
0.04795641664133014
0.04795472750510982
0.04795303780472605
0.04795134754017883
0.04794965671146817
0.047947965318594056
0.0479462733615565
0.04794458084035549
0.047942887754991025
0.04794119410546312
0.047939499891771764
0.04793780511391696
0.04793610977189871
0.04793441386571701
0.04793271739537186
0.04793102036086326
0.04792932276219121
0.04792762459935572
0.04792592587235677
0.047924226581194385
0.047922526725868546
0.047920826306379255
0.04791912532272652
0.04791742377491033
0.0479157216629307
0.04791401898678761
0.04791231574648108
0.04791061194201111
0.04790890757337768
0.0479072026405808
0.047905497143620475
0.047903791082496705
0.04790208445720948
0.04790037726775881
0.04789866951414469
0.047896961196367126
0.04789525231442611
0.04789354286832164
0.047891832858053734
0.04789012228362237
0.04788841114502756
0.0478866994422693
0.047884987175347594
0.04788327434426244
0.047881560949013836
0.047879846989601786
0.047878132466026284
0.047876417378287336
0.04787470172638494
0.04787298551031909
0.0478712687300898
0.047869551385697054
0.04786783347714087
0.04786611500442123
0.04786439596753814
0.0478626763664916
0.04786095620128161
0.04785923547190818
0.0478575141783713
0.04785579232067097
0.04785406989880719
0.04785234691277997
0.04785062336258929
0.04784889924823516
0.04784717456971759
0.04784544932703657
0.0478437235201921
0.04784199714918418
0.04784027021401281
0.047838542714678
0.047836814651179733
0.04783508602351803
0.04783335683169286
0.04783162707570426
0.047829896755552194
0.04782816587123669
0.04782643442275773
0.047824702410115334
0.047822969833309484
0.04782123669234018
0.047819502987207434
0.047817768717911234
0.04781603388445159
0.0478142984868285
0.04781256252504196
0.04781082599909196
0.047809088908978524
0.04780735125470164
0.0478056130362613
0.047803874253657515
0.04780213490689028
0.0478003949959596
0.04779865452086547
0.047796913481607896
0.04779517187818687
0.047793429710602395
0.04779168697885447
0.0477899436829431
0.04778819982286828
0.04778645539863001
0.04778471041022829
0.047782964857663125
0.04778121874093451
0.04777947206004245
0.04777772481498693
0.047775977005767974
0.04777422863238556
0.047772479694839706
0.047770730193130405
0.04776898012725765
0.047767229497221446
0.047765478303021795
0.04776372654465869
0.047761974222132145
0.04776022133544215
0.04775846788458871
0.04775671386957181
0.047754959290391474
0.04775320414704768
0.04775144843954044
0.047749692167869756
0.04774793533203562
0.04774617793203804
0.047744419967877004
0.047742661439552525
0.047740902347064594
0.04773914269041322
0.04773738246959839
0.047735621684620116
0.04773386033547839
0.04773209842217322
0.0477303359447046
0.04772857290307253
0.04772680929727701
0.047725045127318046
0.047723280393195636
0.04772151509490977
0.04771974923246046
0.0477179828058477
0.04771621581507149
0.04771444826013183
0.04771268014102873
0.04771091145776218
0.04770914221033217
0.04770737239873872
0.047705602022981825
0.047703831083061476
0.04770205957897768
0.04770028751073044
0.04769851487831975
0.047696741681745605
0.04769496792100802
0.04769319359610698
0.047691418707042486
0.047689643253814556
0.04768786723642317
0.04768609065486834
0.04768431350915006
0.04768253579926833
0.047680757525223154
0.047678978687014525
0.04767719928464245
0.047675419318106926
0.047673638787407956
0.04767185769254554
0.04767007603351967
0.04766829381033035
0.04766651102297759
0.04766472767146138
0.047662943755781714
0.0476611592759386
0.04765937423193204
0.047657588623762036
0.04765580245142858
0.04765401571493168
0.04765222841427132
0.04765044054944752
0.04764865212046027
0.04764686312730957
0.04764507356999542
0.04764328344851783
0.04764149276287678
0.04763970151307229
0.04763790969910435
0.04763611732097296
0.04763432437867813
0.04763253087221984
0.04763073680159811
0.04762894622623291
0.047627171735172606
0.04762539797073586
0.04762362493292267
0.04762185262173303
0.04762008103716695
0.047618310179224424
0.04761654004790545
0.047614770643210035
0.047613001965138166
0.04761123401368986
0.0476094667888651
0.047607700290663905
0.04760593451908626
0.04760416947413217
0.047602405155801636
0.04760064156409465
0.04759887869901123
0.04759711656055136
0.04759535514871504
0.047593594463502274
0.04759183450491307
0.04759007527294742
0.04758831676760532
0.04758655898888678
0.047584801936791786
0.04758304561132035
0.04758129001247247
0.04757953514024815
0.04757778099464738
0.047576027575670164
0.0475742748833165
0.0475725229175864
0.04757077167847985
0.04756902116599685
0.047567271380137416
0.04756552232090153
0.0475637739882892
0.04756202638230042
0.0475602795029352
0.04755853335019353
0.04755678792407542
0.04755504322458086
0.047553299251709855
0.0475515560054624
0.04754981348583851
0.047548071692838166
0.04754633062646139
0.047544590286708155
0.04754285067357848
0.047541111787072356
0.04753937362718979
0.04753763619393078
0.04753589948729532
0.04753416350728342
0.04753242825389507
0.047530693727130285
0.047528959926989044
0.04752722685347136
0.04752549450657723
0.04752376288630666
0.04752203199265964
0.04752030182563618
0.04751857238523627
0.04751684367145991
0.047515115684307115
0.04751338842377787
0.04751166188987218
0.04750993608259004
0.04750821100193146
0.04750648664789643
0.04750476302048496
0.04750304011969705
0.04750131794553268
0.047499596497991875
0.04749787577707462
0.04749615578278092
0.04749443651511078
0.04749271797406419
0.04749100015964115
0.04748928307184168
0.04748756671066575
0.04748585107611338
0.04748413616818457
0.047482421986879304
0.0474807085321976
0.04747899580413945
0.04747728380270485
0.04747557252789381
0.04747386197970632
0.04747215215814239
0.047470443063202014
0.04746873469488519
0.047467027053191925
0.047465320138122206
0.04746361394967605
0.04746190848785345
0.0474602037526544
0.047458499744078904
0.047456796462126964
0.04745509390679858
0.047453392078093744
0.04745169097601247
0.04744999060055475
0.04744829095172058
0.047446592029509974
0.04744489383392291
0.04744319636495941
0.04744149962261946
0.04743980360690307
0.047438108317810236
0.047436413755340946
0.04743471991949522
0.047433026810273046
0.04743133442767443
0.047429642771699365
0.047427951842347854
0.047426261639619896
0.0474245721635155
0.04742288341403465
0.04742119539117736
0.04741950809494362
0.04741782152533344
0.047416135682346816
0.04741445056598374
0.04741276617624422
0.04741108251312826
0.047409399576635855
0.047407717366767
0.0474060358835217
0.04740435512689996
0.04740267509690177
0.047400995793527134
0.04739931721677605
0.04739763936664853
0.04739596224314456
0.04739428584626414
0.04739261017600728
0.047390935232373976
0.047389261015364226
0.04738758752497803
0.047385914761215384
0.0473842427240763
0.04738257141356077
0.04738090082966879
0.04737923097240036
0.04737756184175549
0.04737589343773418
0.04737422576033642
0.04737255880956222
0.047370892585411564
0.04736922708788447
0.04736756231698093
0.04736589827270094
0.047364234955044514
0.04736257236401164
0.04736091049960232
0.04735924936181655
0.04735758895065434
0.047355929266115676
0.04735427030820057
0.04735261207690903
0.04735095457224103
0.047349297794196596
0.04734764174277571
0.04734598641797838
0.04734433181980461
0.04734267794825439
0.047341024803327726
0.047339372385024614
0.047337720693345055
0.047336069728289056
0.04733441948985661
0.047332769978047716
0.04733112119286238
0.0473294731343006
0.047327825802362375
0.0473261791970477
0.04732453331835658
0.04732288816628902
0.04732124374084501
0.047319600042024554
0.04731795706982766
0.04731631482425431
0.04731467330530452
0.04731303251297829
0.047311392447275606
0.04730975310819648
0.04730811449574091
0.047306476609908894
0.04730483945070043
0.047303203018115525
0.04730156731215417
0.047299932332816375
0.047298298080102136
0.04729666455401144
0.04729503175454431
0.04729339968170073
0.04729176833548071
0.047290137715884244
0.04728850782291132
0.04728687865656197
0.04728525021683616
0.04728362250373391
0.04728199551725522
0.047280369257400076
0.04727874372416849
0.04727711891756046
0.04727549483757598
0.04727387148421506
0.04727224885747769
0.04727062695736388
0.04726900578387362
0.04726738533700692
0.047265765616763766
0.047264146623144175
0.04726252835614814
0.04726091081577565
0.04725929400202672
0.04725767791490135
0.04725606255439953
0.04725444792052126
0.04725283401326655
0.047251220832635395
0.047249608378627794
0.04724799665124375
0.04724638565048325
0.04724477537634632
0.04724316582883293
0.04724155700794311
0.04723994891367683
0.04723834154603411
0.04723673490501495
0.04723512899061934
0.04723352380284729
0.047231919341698785
0.04723031560717384
0.04722871259927245
0.04722711031799461
0.047225508763340335
0.04722390793530961
0.04722230783390244
0.04722070845911882
0.04721910981095876
0.04721751188942225
0.047215914694509295
0.0472143182262199
0.047212722484554055
0.04721112746951177
0.047209533181093034
0.04720793961929785
0.04720634678412623
0.047204754675578164
0.04720316329365365
0.04720157263835269
0.04719998270967528
0.04719839350762143
0.04719680503219113
0.04719521728338439
0.04719363026120121
0.04719204396564158
0.0471904583967055
0.047188873554392975
0.047187289438704004
0.04718570604963859
0.047184123387196734
0.04718254145137843
0.047180960242183684
0.04717937975961249
0.04717780000366485
0.047176220974340766
0.04717464267164023
0.04717306509556326
0.04717148824610984
0.04716991212327997
0.04716833672707366
0.0471667620574909
0.0471651881145317
0.04716361489819605
0.04716204240848396
0.04716047064539542
0.04715889960893044
0.047157329299089015
0.04715575971587114
0.04715419085927682
0.04715262272930606
0.04715105532595885
0.04714948864923519
0.04714792269913509
0.04714635747565855
0.047144792978805555
0.047143229208576116
0.04714166616497024
0.04714010384798791
0.04713854225762914
0.04713698139389392
0.04713542125678226
0.04713386184629415
0.0471323031624296
0.0471307452051886
0.047129187974571156
0.04712763147057727
0.04712607569320693
0.04712452064246015
0.04712296631833693
0.04712141272083726
0.04711985984996114
0.04711830770570858
0.04711675628807958
0.04711520559707413
0.04711365563269223
0.047112106394933885
0.0471105578837991
0.04710901009928787
0.04710746304140019
0.047105916710136066
0.0471043711054955
0.04710282622747849
0.04710128207608503
0.04709973865131512
0.047098195953168775
0.047096653981645975
0.047095112736746735
0.047093572218471054
0.04709203242681892
0.047090493361790345
0.04708895502338532
0.047087417411603855
0.047085880526445946
0.04708434436791159
0.04708280893600079
0.04708127423071354
0.04707974025204985
0.047078207000009704
0.04707667447459312
0.0470751426758001
0.04707361160363062
0.0470720812580847
0.047070551639162336
0.047069022746863524
0.04706749458118827
0.047065967142136574
0.04706444042970843
0.047062914443903835
0.047061389184722795
0.047059864652165315
0.04705834084623139
0.047056817766921014
0.0470552954142342
0.04705377378817094
0.04705225288873123
0.047050732715915075
0.04704921326972247
0.04704769455015343
0.04704617655720794
0.047044659290886005
0.04704314275118763
0.0470416269381128
0.04704011185166153
0.04703859749183381
0.047037083858629654
0.04703557095204905
0.047034058772092
0.0470325473187585
0.047031036592048554
0.04702952659196217
0.047028017318499336
0.04702650877166006
0.04702500095144433
0.047023493857852164
0.04702198749088355
0.04702048185053849
0.04701897693681699
0.047017472749719035
0.04701596928924464
0.0470144665553938
0.047012964548166516
0.04701146326756278
0.047009962713582605
0.04700846288622598
0.04700696378549292
0.04700546541138341
0.047003967763897446
0.04700247084303505
0.0470009746487962
0.04699947918118091
0.04699798444018916
0.046996490425820985
0.04699499713807635
0.04699350457695528
0.046992012742457755
0.046990521634583796
0.04698903125333338
0.04698754159870652
0.04698605267070322
0.046984564469323475
0.04698307699456729
0.04698159024643465
0.046980104224925566
0.04697861893004004
0.04697713436177807
0.04697565052013965
0.046974167405124785
0.046972685016733476
0.04697120335496572
0.04696972241982152
0.04696824221130088
0.04696676272940379
0.04696528397413025
0.046963805945480275
0.04696232864345385
0.04696085206805098
0.04695937621927166
0.046957901097115895
0.04695642670158369
0.04695495303267504
0.046953480090389944
0.0469520078747284
0.04695053638569041
0.04694906562327598
0.0469475955874851
0.046946126278317776
0.046944657695774
0.046943189839853794
0.04694172271055713
0.046940256307884023
0.046938790631834475
0.04693732568240848
0.046935861459606036
0.04693439796342715
0.04693293519387182
0.04693147315094004
0.04693001183463182
0.04692855124494715
0.04692709138188604
0.04692563224544848
0.04692417383563448
0.04692271615244403
0.046921259195877134
0.046919802965933795
0.046918347462614016
0.04691689268591778
0.04691543863584511
0.04691398531239599
0.04691253271557042
0.04691108084536841
0.046909629701789954
0.04690817928483505
0.046906729594503704
0.046905280630795916
0.046903832393711674
0.04690238488325099
0.04690093809941386
0.04689949204220029
0.046898046711610276
0.046896602107643806
0.0468951582303009
0.046893715079581545
0.04689227265548575
0.0468908309580135
0.04688938998716481
0.04688794974293967
0.046886510225338095
0.04688507143436007
0.0468836333700056
0.04688219603227468
0.04688075942116732
0.04687932353668351
0.04687788837882326
0.046876453947586556
0.046875020242973416
0.04687358726498383
0.04687215501361779
0.04687072348887531
0.04686929269075639
0.04686786261926102
0.046866433274389205
0.04686500465614094
0.04686357676451624
0.04686214959951509
0.04686072316113749
0.04685929744938345
0.046857872464252964
0.04685644820574603
0.046855024673862655
0.04685360186860283
0.046852179789966565
0.046850758437953846
0.04684933781256469
0.04684791791379909
0.046846498741657035
0.04684508029613854
0.0468436625772436
0.04684224558497222
0.04684082931932439
0.04683941378030011
0.04683799896789939
0.04683658488212222
0.046835171522968615
0.04683375889043856
0.04683234698453206
0.04683093580524911
0.04682952535258972
0.046828115626553875
0.04682670662714159
0.04682529835435287
0.04682389080818769
0.04682248398864607
0.04682107789572801
0.0468196725294335
0.046818267889762545
0.04681686397671514
0.046815460790291294
0.04681405833049101
0.04681265659731427
0.04681125559076109
0.04680985531083146
0.04680845575752539
0.046807056930842875
0.04680565883078391
0.0468042614573485
0.04680286481053665
0.04680146889034835
0.04680007369678361
0.04679867922984242
0.04679728548952478
0.0467958924758307
0.04679450018876018
0.04679310862831321
0.04679171779448979
0.04679032768728993
0.04678893830671362
0.04678754965276087
0.04678616172543168
0.046784774524726035
0.04678338805064395
0.04678200230318541
0.04678061728235044
0.04677923298813901
0.046777849420551146
0.04677646657958683
0.04677508446524607
0.046773703077528865
0.04677232241643522
0.04677094248196512
0.04676956327411858
0.046768184792895594
0.046766807038296165
0.04676543001032029
0.04676405370896797
0.046762678134239205
0.04676130328613399
0.04675992916465233
0.04675855576979423
0.046757183101559685
0.04675581115994869
0.04675443994496125
0.046753069456597365
0.04675169969485704
0.04675033065974026
0.04674896235124704
0.04674759476937738
0.046746227914131265
0.04674486178550871
0.04674349638350971
0.046742131708134266
0.04674076775938237
0.04673940453725404
0.04673804204174926
0.04673668027286803
0.046735319230610355
0.04673395891497624
0.04673259932596567
0.04673124046357867
0.04672988232781521
0.04672852491867531
0.04672716823615897
0.04672581228026618
0.04672445705099695
0.04672310254835126
0.04672174877232914
0.04672039572293057
0.04671904340015555
0.04671769180400409
0.046716340934476186
0.046714990791571834
0.046713641375291035
0.04671229268563379
0.0467109447226001
0.04670959748618997
0.046708250976403395
0.04670690519324037
0.0467055601367009
0.046704215806784986
0.046702872203492625
0.046701529326823824
0.04670018717677857
0.04669884575335687
0.04669750505655874
0.04669616508638415
0.04669482584283312
0.04669348732590564
0.04669214953560172
0.04669081247192135
0.04668947613486454
0.04668814052443128
0.046686805640621575
0.04668547148343543
0.04668413805287284
0.04668280534893379
0.046681473371618314
0.04668014212092638
0.04667881159685801
0.04667748179941319
0.04667615272859192
0.046674824384394215
0.046673496766820054
0.04667216987586945
0.046670843711542405
0.04666951827383892
0.046668193562758975
0.04666686957830259
0.046665546320469764
0.046664223789260495
0.04666290198467478
0.04666158090671261
0.046660260555374006
0.04665894093065895
0.04665762203256745
0.04665630386109951
0.046654986416255116
0.04665366969803428
0.046652353706437
0.046651038441463274
0.0466497239031131
0.04664841009138648
0.046647097006283424
0.04664578464780392
0.046644473015947964
0.046643162110715564
0.04664185193210672
0.046640542480121436
0.0466392337547597
0.04663792575602152
0.0466366184839069
0.04663531193841583
0.046634006119548314
0.04663270102730435
0.04663139666168395
0.04663009302268709
0.046628790110313796
0.04662748792456406
0.04662618646543787
0.04662488573293524
0.04662358572705616
0.04662228644780064
0.04662098789516867
0.04661969006916026
0.0466183929697754
0.046617096597014095
0.04661580095087635
0.046614506031362156
0.046613211838471516
0.04661191837220443
0.0466106256325609
0.04660933361954092
0.0466080423331445
0.04660675177337164
0.046605461940222324
0.04660417283369657
0.04660288445379437
0.04660159680051572
0.04660030987386063
0.04659902367382909
0.04659773820042111
0.04659645345363668
0.0465951694334758
0.046593886139938485
0.04659260357302472
0.04659132173273451
0.04659004061906786
0.046588760232024753
0.04658748057160521
0.04658620163780922
0.046584923430636783
0.046583645950087904
0.04658236919616258
0.046581093168860804
0.04657981786818259
0.04657854329412792
0.046577269446696816
0.04657599632588927
0.04657472393170527
0.046573452264144825
0.04657218132320794
0.0465709111088946
0.04656964162120482
0.046568372860138596
0.046567104825695926
0.04656583751787681
0.046564570936681246
0.04656330508210924
0.04656203995416079
0.046560775552835894
0.046559511878134556
0.046558248930056764
0.04655698670860253
0.046555725213771854
0.046554464445564735
0.04655320440398116
0.04655194508902115
0.046550686500684696
0.04654942863897179
0.046548171503882435
0.04654691509541664
0.04654565941357441
0.04654440445835572
0.04654315022976059
0.04654189672778901
0.046540643952440994
0.046539391903716525
0.04653814058161561
0.04653688998613825
0.04653564011728445
0.046534390975054206
0.04653314255944751
0.04653189487046437
0.04653064790810479
0.04652940167236876
0.046528156163256285
0.046526911380767366
0.046525667324902
0.046524423995660195
0.046523181393041936
0.04652193951704724
0.04652069836767609
0.0465194579449285
0.04651821824880446
0.04651697927930398
0.046515741036427055
0.04651450352017368
0.046513266730543866
0.0465120306675376
0.04651079533115489
0.04650956072139574
0.04650832683826014
0.046507093681748095
0.046505861251859605
0.04650462954859467
0.04650339857195329
0.04650216832193547
0.0465009387985412
0.04649971000177048
0.04649848193162332
0.04649725458809971
0.04649602797119966
0.046494802080923166
0.04649357691727022
0.046492352480240834
0.046491128769835
0.04648990578605272
0.046488683528894
0.04648746199835883
0.04648624119444721
0.04648502111715915
0.04648380176649465
0.0464825831424537
0.04648136524503631
0.046480148074242465
0.046478931630072176
0.04647771591252545
0.04647650092160227
0.04647528665730265
0.046474073119626584
0.04647286030857407
0.04647164822414511
0.046470436866339705
0.04646922623515786
0.04646801633059957
0.046466807152664824
0.046465598701353646
0.04646439097666601
0.04646318397860194
0.04646197770716142
0.046460772162344455
0.04645956734415104
0.04645838821638568
0.04645721652314488
0.04645604631021531
0.04645487757759699
0.0464537103252899
0.04645254455329406
0.046451380261609464
0.04645021745023611
0.04644905611917399
0.04644789626842312
0.04644673789798349
0.0464455810078551
0.04644442559803794
0.04644327166853204
0.04644211921933737
0.04644096825045395
0.04643981876188177
0.04643867075362083
0.04643752422567113
0.04643637917803267
0.04643523561070546
0.04643409352368948
0.04643295291698475
0.04643181379059126
0.04643067614450901
0.046429539978738006
0.04642840529327824
0.04642727208812972
0.046426140363292435
0.046425010118766395
0.0464238813545516
0.04642275407064804
0.046421628267055724
0.04642050394377465
0.04641938110080482
0.04641825973814623
0.04641713985579888
0.04641602145376277
0.04641490453203791
0.04641378909062428
0.0464126751295219
0.04641156264873076
0.04641045164825086
0.046409342128082204
0.04640823408822479
0.046407127528678614
0.04640602244944368
0.04640491885051999
0.04640381673190754
0.04640271609360634
0.046401616935616376
0.04640051925793765
0.04639942306057017
0.04639832834351393
0.04639723510676893
0.04639614335033517
0.046395053074212655
0.04639396427840138
0.046392876962901355
0.046391791127712564
0.046390706772835015
0.04638962389826871
0.04638854250401364
0.04638746259006982
0.046386384156437234
0.0463853072031159
0.0463842317301058
0.04638315773740694
0.046382085225019326
0.04638101419294295
0.046379944641177825
0.046378876569723934
0.046377809978581284
0.046376744867749876
0.04637568123722971
0.04637461908702079
0.04637355841712311
0.04637249922753667
0.04637144151826147
0.04637038528929752
0.0463693305406448
0.046368277272303325
0.04636722548427309
0.04636617517655411
0.04636512634914636
0.04636407900204985
0.04636303313526458
0.046361988748790564
0.04636094584262778
0.04635990441677624
0.046358864471235946
0.04635782600600689
0.04635678902108907
0.046355753516482495
0.04635471949218717
0.04635368694820308
0.046352655884530226
0.046351626301168625
0.04635059819811826
0.04634957157537913
0.046348546432951256
0.046347522770834614
0.04634650058902921
0.04634547988753506
0.046344460666352144
0.046343442925480476
0.04634242666492004
0.04634141188467085
0.046340398584732906
0.0463393867651062
0.04633837642579073
0.04633736756678651
0.04633636018809353
0.04633535428971179
0.04633434987164129
0.04633334693388204
0.04633234547643402
0.046331345499297245
0.04633034700247172
0.046329349985957426
0.04632835444975438
0.04632736039386257
0.04632636781828201
0.046325376723012686
0.04632438710805461
0.046323398973407766
0.046322412319072165
0.04632142714504781
0.046320443451334695
0.046319461237932825
0.04631848050484219
0.046317501252062805
0.046316523479594654
0.04631554718743775
0.046314572375592084
0.046313599044057664
0.04631262719283448
0.046311656821922544
0.04631068793132185
0.04630972052103239
0.04630875459105418
0.0463077901413872
0.046306827172031474
0.04630586568298698
0.04630490567425374
0.04630394714583173
0.046302990097720965
0.046302034529921446
0.04630108044243316
0.046300127835256125
0.04629917670839032
0.04629822706183577
0.04629727889559246
0.04629633220966038
0.046295387004039554
0.04629444327872996
0.046293501033731616
0.04629256026904451
0.046291620984668644
0.046290683180604024
0.046289746856850646
0.0462888120134085
0.04628787865027761
0.04628694676745795
0.046286016364949535
0.046285087442752365
0.04628416000086643
0.04628323403929174
0.0462823095580283
0.04628138655707609
0.046280465036435126
0.046279544996105405
0.04627862643608693
0.04627770935637968
0.04627679375698369
0.046275879637898934
0.046274966999125415
0.046274055840663145
0.046273146162512116
0.04627223796467233
0.04627133124714378
0.04627042600992647
0.04626952225302041
0.04626861997642559
0.046267719180142004
0.04626681986416967
0.04626592202850857
0.04626502567315872
0.046264130798120105
0.04626323740339273
0.0462623454889766
0.04626145505487171
0.046260566101078066
0.046259678627595655
0.04625879263442449
0.04625790812156457
0.04625702508901589
0.046256143536778455
0.04625526346485226
0.0462543848732373
0.046253507761933585
0.046252632130941114
0.046251757980259885
0.0462508853098899
0.04625001411983115
0.04624914441008365
0.04624827618064738
0.046247409431522356
0.046246544162708576
0.04624568037420604
0.04624481806601474
0.04624395723813469
0.046243097890565875
0.046242240023308304
0.046241383636361974
0.046240528729726886
0.04623967530340303
0.04623882335739043
0.046237972891689065
0.046237123906298944
0.046236276401220064
0.046235430376452426
0.04623458583199603
0.046233742767850874
0.04623290118401696
0.04623206108049429
0.04623122245728286
0.04623038531438267
0.046229549651793725
0.04622871546951602
0.04622788276754956
0.046227051545894335
0.046226221804550355
0.046225393543517616
0.04622456676279612
0.046223741462385864
0.04622291764228685
0.04622209530249908
0.04622127444302255
0.04622045506385726
0.04621963716500321
0.04621882074646041
0.046218005808228844
0.04621719235030852
0.04621638037269944
0.0462155698754016
0.046214760858415006
0.04621395332173966
0.046213147265375544
0.04621234268932267
0.04621153959358104
0.04621073797815065
0.046209937843031505
0.0462091391882236
0.046208342013726936
0.04620754631954151
0.04620675210566733
0.0462059593721044
0.0462051681188527
0.04620437834591225
0.046203590053283033
0.04620280324096506
0.04620201790895833
0.04620123405726284
0.0462004516858786
0.046199670794805595
0.04619889138404383
0.04619811345359331
0.04619733700345403
0.04619656203362599
0.0461957885441092
0.04619501653490364
0.046194246006009326
0.046193476957426254
0.04619270938915442
0.04619194330119384
0.04619117869354449
0.046190415566206386
0.04618965391917952
0.046188893752463905
0.046188135066059524
0.046187377859966385
0.04618662213418449
0.04618586788871384
0.04618511512355442
0.04618436383870625
0.04618361403416932
0.046182865709943635
0.04618211886602919
0.04618137350242598
0.046180629619134016
0.0461798872161533
0.04617914629348382
0.04617840685112558
0.04617766888907859
0.04617693240734283
0.046176197405918315
0.04617546388480505
0.04617473184400302
0.04617400128351223
0.046173272203332685
0.04617254460346438
0.04617181848390731
0.0461710938446615
0.046170370685726915
0.046169649007103575
0.04616892880879148
0.046168210090790626
0.04616749285310102
0.046166777095722644
0.04616606281865551
0.04616535002189963
0.04616463870545498
0.04616392886932158
0.046163220513499414
0.04616251363798849
0.046161808242788815
0.046161104327900375
0.04616040189332318
0.046159700939057226
0.04615900146510252
0.04615830347145904
0.04615760695812681
0.04615691192510583
0.04615621837239608
0.04615552629999758
0.04615483570791031
0.046154146596134295
0.04615345896466951
0.04615277281351598
0.04615208814267368
0.04615140495214263
0.04615072324192281
0.046150043012014245
0.04614936426241691
0.04614868699313083
0.04614801120415598
0.04614733689549238
0.04614666406714001
0.046145992719098895
0.04614532285136901
0.04614465446395038
0.046143987556842986
0.04614332213004683
0.04614265818356192
0.046141995717388244
0.04614133473152582
0.04614067522597463
0.046140017200734684
0.04613936065580598
0.04613870559118852
0.0461380520068823
0.046137399902887316
0.04613674927920358
0.04613610013583109
0.04613545247276983
0.04613480629001982
0.046134161587581046
0.04613351836545352
0.046132876623637235
0.046132236362132185
0.046131597580938384
0.046130960280055824
0.0461303244594845
0.04612969011922442
0.04612905725927559
0.04612842587963799
0.04612779598031164
0.04612716756129653
0.04612654062259265
0.046125915164200025
0.04612529118611864
0.04612466868834849
0.04612404767088959
0.04612342813374193
0.0461228100769055
0.046122193500380326
0.04612157840416639
0.0461209647882637
0.04612035265267224
0.04611974199739203
0.04611913282242306
0.046118525127765334
0.04611791891341884
0.0461173141793836
0.046116710925659596
0.046116109152246836
0.04611550885914531
0.04611491004635503
0.046114312713876
0.046113716861708204
0.04611312248985165
0.046112529598306334
0.046111938187072266
0.04611134825614944
0.04611075980553785
0.04611017283523751
0.0461095873452484
0.04610900333557054
0.04610842080620392
0.04610783975714854
0.04610726018840441
0.04610668209997151
0.04610610549184986
0.04610553036403944
0.046104956716540274
0.04610438454935235
0.04610381386247566
0.04610324465591022
0.046102676929656014
0.04610211068371305
0.046101545918081334
0.04610098263276085
0.04610042082775161
0.04609986050305362
0.046099301658666866
0.046098744294591355
0.046098188410827086
0.04609763400737406
0.04609708108423227
0.04609652964140173
0.046095979678882425
0.046095431196674364
0.046094884194777544
0.046094338673191966
0.04609379463191763
0.046093252070954535
0.04609271099030268
0.04609217138996207
0.0460916332699327
0.04609109663021457
0.04609056147080769
0.046090027791712035
0.04608949559292764
0.04608896487445448
0.04608843563629256
0.04608790787844188
0.04608738160090244
0.04608685680367425
0.046086333486757294
0.04608581165015158
0.04608529129385711
0.046084772417873884
0.0460842550222019
0.04608373910684115
0.04608322467179165
0.04608271171705339
0.04608220024262637
0.04608169024851059
0.04608118173470605
0.04608067470121276
0.0460801691480307
0.0460796650751599
0.04607916248260033
0.046078661370352
0.04607816173841491
0.04607766358678907
0.04607716691547446
0.0460766717244711
0.04607617801377898
0.04607568578339811
0.04607519503332847
0.046074705763570076
0.04607421797412292
0.04607373166498701
0.04607324683616234
0.04607276348764891
0.04607228161944673
0.046071801231555784
0.04607132232397608
0.04607084489670762
0.0460703689497504
0.046069894483104425
0.04606942149676969
0.04606894999074619
0.04606847996503394
0.046068011419632925
0.04606754435454316
0.04606707876976463
0.046066614665297344
0.0460661520411413
0.0460656908972965
0.04606523123376294
0.04606477305054062
0.04606431634762954
0.046063861125029706
0.04606340738274111
0.046062955120763756
0.04606250433909764
0.04606205503774278
0.04606160721669915
0.04606116087596676
0.04606071601554562
0.04606027263543572
0.046059830735637054
0.04605939031614964
0.04605895137697346
0.04605851391810852
0.04605807793955483
0.04605764344131238
0.046057210423381165
0.0460567788857612
0.04605634882845247
0.04605592025145498
0.04605549315476874
0.04605506753839374
0.046054643402329974
0.04605422074657746
0.04605379957113618
0.04605337987600615
0.04605296166118735
0.046052544926679796
0.04605212967248349
0.04605171589859842
0.046051303605024595
0.046050892791762006
0.04605048345881066
0.04605007560617056
0.0460496692338417
0.04604926434182408
0.0460488609301177
0.04604845899872257
0.04604805854763867
0.04604765957686602
0.04604726208640461
0.04604686607625444
0.046046471546415516
0.04604607849688783
0.046045686927671386
0.04604529683876618
0.046044908230172224
0.0460445211018895
0.04604413545391803
0.04604375128625779
0.0460433685989088
0.04604298739187104
0.046042607665144536
0.046042229418729264
0.04604185265262524
0.04604147736683245
0.04604110356135091
0.04604073123618061
0.04604036039132155
0.04603999102677373
0.04603962314253715
0.04603925673861182
0.04603889181499772
0.04603852837169487
0.04603816640870326
0.04603780592602289
0.04603744692365377
0.04603708940159588
0.04603673335984924
0.04603637879841383
0.04603602571728967
0.04603567411647676
0.046035323995975076
0.046034975355784644
0.04603462819590545
0.046034282516337496
0.04603393831708079
0.046033595598135316
0.04603325435950109
0.04603291460117811
0.04603257632316636
0.04603223952546586
0.0460319042080766
0.04603157037099858
0.046031238014231805
0.04603090713777627
0.04603057774163198
0.046030249825798925
0.04602992339027712
0.04602959843506655
0.04602927496016722
0.046028952965579135
0.046028632451302294
0.046028313417336694
0.04602799586368233
0.04602767979033921
0.04602736519730734
0.0460270520845867
0.046026740452177306
0.046026430300079156
0.04602612162829225
0.046025814436816574
0.04602550872565215
0.046025204494798966
0.046024901744257024
0.046024600474026324
0.04602430068410686
0.04602400237449864
0.04602370554520167
0.04602341019621593
0.04602311632754144
0.046022823939178184
0.046022533031126175
0.04602224360338541
0.04602195565595588
0.0460216691888376
0.04602138420203056
0.04602110069553475
0.04602081866935019
0.046020538123476874
0.0460202590579148
0.046019981472663965
0.04601970536772437
0.04601943074309602
0.046019157598778906
0.04601888593477304
0.046018615751078414
0.04601834704769503
0.04601807982462289
0.04601781408186199
0.04601754981941233
0.04601728703727391
0.046017025735446734
0.0460167659139308
0.04601650757272611
0.04601625071183266
0.04601599533125044
0.04601574143097947
0.04601548901101975
0.04601523807137126
0.04601498861203402
0.04601474063300802
0.04601449413429326
0.04601424911588974
0.046014005577797466
0.04601376352001643
0.04601352294254664
0.04601328384538809
0.04601304622854078
0.04601281009200471
0.046012575435779884
0.0460123422598663
0.04601211056426396
0.046011880348972856
0.046011651613992996
0.04601142435932438
0.046011198584967
0.04601097429092087
0.046010751477185974
0.04601053014376232
0.04601031029064992
0.04601009191784875
0.046009875025358825
0.04600965961318014
0.0460094456813127
0.046009233229756495
0.046009022258511535
0.04600881276757782
0.04600860475695534
0.046008398226644105
0.04600819317664411
0.04600798960695537
0.04600778751757786
0.04600758690851159
0.04600738777975656
0.046007190131312777
0.04600699396318023
0.04600679927535893
0.04600660606784888
0.04600641434065006
0.04600622409376248
0.04600603532718615
0.04600584804092105
0.0460056622349672
0.0460054779093246
0.04600529506399323
0.0460051136989731
0.046004933814264216
0.04600475540986657
0.04600457848578018
0.04600440304200502
0.0460042290785411
0.04600405659538842
0.046003885592546985
0.0460037160700168
0.046003548027797846
0.046003381465890135
0.046003216384293666
0.046003052783008445
0.04600289066203446
0.046002730021371716
0.04600257086102021
0.04600241318097996
0.04600225698125094
0.04600210226183316
0.046001949022726626
0.04600179726393134
0.046001646985447286
0.046001498187274475
0.04600135086941291
0.046001205031862585
0.0460010606746235
0.04600091779769566
0.04600077640107906
0.0460006364847737
0.046000498048779585
0.04600036109309671
0.04600022561772507
0.046000091622664684
0.04599995910791553
0.04599982807347762
0.04599969851935096
0.04599957044553553
0.04599944385203135
0.045999318738838404
0.0459991951059567
0.04599907295338625
0.04599895228112703
0.045998833089179056
0.04599871537754232
0.045998599146216824
0.04599848439520258
0.04599837112449957
0.045998259334107804
0.045998149024027275
0.04599804019425799
0.04599793284479995
0.04599782697565315
0.04599772258681759
0.04599761967829327
0.0459975182500802
0.045997418302178364
0.045997319834587776
0.04599722284730842
0.04599712734034032
0.04599703331368345
0.045996940767337825
0.04599684970130344
0.0459967601155803
0.045996672010168396
0.04599658538506774
0.04599650024027832
0.04599641657580015
0.04599633439163321
0.04599625368777752
0.04599617446423307
0.045996096720999864
0.045996020458077894
0.04599594567546717
0.045995872373167684
0.045995800551179446
0.04599573020950245
0.045995661348136686
0.04599559396708217
0.045995528066338894
0.04599546364590686
0.045995400705786074
0.04599533924597652
0.045995279266478215
0.045995220767291144
0.04599516374841532
0.04599510820985074
0.045995054151597395
0.0459950015736553
0.045994950476024435
0.04599490085870482
0.04599485272169645
0.04599480606499931
0.04599476088861342
0.045994717192538774
0.04599467497677536
0.0459946342413232
0.045994594986182274
0.04599455721135259
0.04599452091683415
0.04599448610262695
0.04599445276873099
0.04599442091514627
0.0459943905418728
0.04599436164891057
0.04599433423625957
0.045994308303919824
0.04599428385189132
0.04599426088017405
0.045994239388768024
0.04599421937767324
0.0459942008468897
0.0459941837964174
0.04599416822625634
0.04599415413640653
0.045994141526867954