0.0493969265749106
0.04939687935217301
0.04939683058519315
0.04939678027397102
0.049396728418506626
0.04939667501879996
0.04939662007485104
0.049396563586659836
0.04939650555422637
0.04939644597755064
0.04939638485663264
0.04939632219147237
0.049396257982069834
0.049396192228425034
0.04939612493053796
0.04939605608840862
0.049395985702037015
0.04939591377142314
0.049395840296567003
0.04939576527746859
0.04939568871412792
0.04939561060654497
0.049395530954719755
0.04939544975865228
0.04939536701834253
0.04939528273379051
0.04939519690499623
0.049395109531959684
0.049395020614680867
0.04939493015315978
0.049394838147396425
0.04939474459739081
0.049394649503142915
0.04939455286465276
0.04939445468192034
0.049394354954945645
0.049394253683728684
0.04939415086826946
0.04939404650856796
0.0493939406046242
0.04939383315643817
0.049393724164009875
0.04939361362733931
0.04939350154642648
0.049393387921271376
0.04939327275187401
0.049393156038234375
0.04939303778035247
0.0493929179782283
0.049392796631861864
0.049392673741253154
0.04939254930640218
0.04939242332730894
0.04939229580397343
0.049392166736395654
0.04939203612457561
0.0493919039685133
0.04939177026820872
0.04939163502366187
0.04939149823487275
0.049391359901841375
0.04939122002456772
0.04939107860305181
0.04939093563729362
0.049390791127293165
0.049390645073050445
0.049390497474565455
0.0493903483318382
0.049390197644868676
0.04939004541365689
0.04938989163820283
0.0493897363185065
0.04938957945456791
0.04938942104638704
0.04938926109396392
0.049389099597298515
0.04938893655639085
0.04938877197124092
0.04938860584184872
0.049388438168214255
0.049388268950337516
0.049388098188218515
0.04938792588185724
0.0493877520312537
0.049387576636407894
0.049387399697319825
0.04938722121398948
0.049387041186416875
0.049386859614602
0.049386676498544856
0.04938649183824544
0.04938630563370376
0.04938611788491981
0.0493859285918936
0.04938573775462512
0.04938554537311437
0.04938535144736135
0.04938515597736606
0.04938495896312851
0.04938476040464869
0.0493845603019266
0.04938435865496225
0.04938415546375562
0.04938395072830673
0.04938374444861557
0.049383536624682145
0.04938332725650645
0.04938311634408849
0.04938290388742826
0.04938268988652576
0.049382474341380996
0.049382257251993966
0.04938203861836467
0.049381818440493094
0.04938159671837926
0.04938137345202316
0.04938114864142479
0.04938092228658415
0.04938069438750124
0.04938046494417607
0.04938023395660863
0.04938000142479892
0.049379767348746946
0.0493795317284527
0.04937929456391619
0.04937905585513741
0.04937881560211636
0.04937857380485305
0.04937833046334746
0.049378085577599616
0.049377839147609494
0.04937759117337711
0.04937734165490246
0.049377090592185535
0.04937683798522635
0.04937658383402489
0.04937632813858117
0.04937607089889518
0.04937581211496692
0.049375551786796396
0.0493752899143836
0.04937502649772854
0.04937476153683121
0.04937449503169161
0.04937422698230975
0.049373957388685615
0.04937368625081921
0.04937341356871055
0.04937313934235961
0.04937286357176641
0.04937258625693094
0.0493723073978532
0.0493720269945332
0.04937174504697092
0.049371461555166384
0.04937117651911957
0.049370889938830494
0.04937060181429915
0.04937031214552554
0.04937002093250966
0.049369728175251516
0.0493694338737511
0.049369138028008415
0.049368840638023465
0.04936854170379625
0.049368241225326764
0.049367939202615015
0.04936763563566099
0.0493673305244647
0.049367023869026146
0.04936671566934532
0.049366405925422234
0.04936609463725687
0.04936578180484925
0.049365467428199354
0.04936515150730719
0.04936483404217276
0.04936451503279607
0.0493641944791771
0.04936387238131587
0.04936354873921237
0.049363223552866604
0.04936289682227857
0.04936256854744826
0.049362238728375696
0.04936190736506085
0.04936157445750375
0.049361240005704375
0.04936090400966273
0.04936056646937883
0.04936022738485265
0.04935988675608421
0.0493595445830735
0.04935920086582052
0.04935885560432527
0.049358508798587754
0.049358160448607975
0.04935781055438592
0.049357459115921605
0.04935710613321502
0.04935675160626617
0.049356395535075044
0.04935603791964166
0.04935567875996601
0.04935531805604808
0.04935495580788789
0.04935459201548543
0.04935422667884071
0.04935385979795371
0.04935349137282445
0.049353121403452924
0.04935274988983912
0.04935237683198306
0.04935200222988473
0.049351626083544126
0.04935124839296126
0.04935086915813613
0.049350488379068726
0.049350106055759055
0.049349722188207115
0.04934933677641291
0.049348949820376437
0.0493485613200977
0.04934817127557669
0.04934777968681341
0.04934738655380787
0.049346991876560053
0.04934659565506998
0.049346197889337626
0.04934579857936301
0.04934539772514613
0.049344995326686986
0.049344591383985566
0.049344185897041884
0.049343778865855926
0.04934337029042771
0.04934296017075722
0.04934254850684446
0.049342135298689443
0.04934172054629215
0.04934130424965259
0.04934088640877077
0.049340467023646674
0.04934004609428031
0.04933962362067168
0.04933919960282079
0.049338774040727625
0.04933834693439219
0.04933791828381449
0.049337488088994526
0.04933705634993229
0.04933662306662778
0.049336188239081015
0.04933575186729198
0.04933531395126067
0.0493348744909871
0.049334433486471256
0.04933399093771315
0.04933354684471277
0.04933310120747013
0.04933265402598522
0.04933220530025804
0.049331755030288596
0.04933130321607688
0.0493308498576229
0.049330394954926644
0.04932993850798813
0.04932948051680735
0.049329020981384294
0.04932855990171897
0.049328097277811386
0.04932763310966153
0.04932716739726941
0.04932670014063502
0.04932623133975836
0.04932576099463943
0.04932528910527824
0.04932481567167478
0.04932434069382905
0.049323864171741054
0.04932338610541079
0.04932290649483825
0.04932242534002346
0.04932194264096639
0.04932145839766706
0.049320972610125455
0.04932048527834158
0.04931999640231544
0.04931950598204704
0.04931901401753637
0.04931852050878342
0.049318025455788214
0.049317528858550744
0.049317030717071
0.04931653103134899
0.049316029801384706
0.04931552702717816
0.049315022708729346
0.04931451684603826
0.04931400943910492
0.0493135004879293
0.049312989992511415
0.049312477952851264
0.049311964368948843
0.049311449240804155
0.0493109325684172
0.04931041435178798
0.04930989459091649
0.049309373285802725
0.0493088504364467
0.04930832604284841
0.04930780010500785
0.049307272622925016
0.04930674359659992
0.04930621302603256
0.04930568091122293
0.04930514725217103
0.04930461204887686
0.04930407530134043
0.04930353700956172
0.04930299717354075
0.049302455793277515
0.04930191286877201
0.04930136840002424
0.0493008223870342
0.04930027482980189
0.04929972572832731
0.04929917508261047
0.04929862289265136
0.04929806915844998
0.04929751388000633
0.04929695705732042
0.04929639869039224
0.04929583877922179
0.049295277323809075
0.04929471432415409
0.049294149780256834
0.04929358369211732
0.04929301605973553
0.049292446883111476
0.04929187616224515
0.04929130389713656
0.0492907300877857
0.04929015473419258
0.049289577836357186
0.049288999394279526
0.0492884194079596
0.0492878378773974
0.04928725480259293
0.049286670183546204
0.049286084020257206
0.049285496312725934
0.0492849070609524
0.0492843162649366
0.04928372392467853
0.049283130040178195
0.049282534611435586
0.049281937638450714
0.04928133912122357
0.049280739059754164
0.04928013745404249
0.049279534304088546
0.04927892960989234
0.04927832337145386
0.04927771558877311
0.0492771062618501
0.049276495390684814
0.04927588297527727
0.04927526901562745
0.049274653511735364
0.04927403646360101
0.04927341787122439
0.04927279773460551
0.04927217605374435
0.04927155282864093
0.04927092805929524
0.04927030174570728
0.04926967388787706
0.04926904448580456
0.049268413539489804
0.04926778104893277
0.049267147014133476
0.04926651143509191
0.04926587431180808
0.049265235644281986
0.049264595432513617
0.049263953676502985
0.04926331037625008
0.04926266553175491
0.04926201914301747
0.04926137121003777
0.049260721732815795
0.04926007071135156
0.04925941814564505
0.04925876403569627
0.04925810838150523
0.04925745118307192
0.04925679244039634
0.049256132153478495
0.04925547032231838
0.049254806946916
0.04925414202727135
0.049253475563384434
0.04925280755525525
0.0492521380028838
0.04925146690627008
0.04925079426541409
0.04925012008031583
0.049249444350975315
0.04924876707739252
0.04924808825956747
0.04924740789750014
0.049246725991190544
0.04924604254063868
0.04924535754584456
0.04924467100680816
0.049243982923529495
0.049243293296008565
0.04924260212424537
0.0492419094082399
0.049241215147992165
0.04924051934350217
0.049239821994769895
0.04923912310179536
0.049238422664578556
0.04923772068311948
0.04923701715741814
0.04923631208747453
0.04923560547328866
0.04923489731486051
0.0492341876121901
0.049233476365277425
0.04923276357412248
0.04923204923872527
0.049231333359085784
0.04923061593520404
0.04922989696708002
0.04922917645471374
0.049228454398105186
0.049227730797254364
0.04922700565216128
0.04922627896282592
0.0492255507292483
0.04922482095142841
0.04922408962936625
0.049223356763061825
0.049222622352515136
0.04922188639772617
0.049221148898694944
0.04922040985542145
0.049219669267905684
0.04921892713614766
0.049218183460147356
0.04921743823990479
0.04921669147541995
0.04921594316669285
0.04921519331372348
0.04921444191651185
0.04921368897505794
0.04921293448936177
0.04921217845942333
0.04921142088524262
0.049210661766819645
0.04920990110415441
0.049209138897246894
0.04920837514609712
0.04920760985070507
0.049206843011070756
0.049206074627194174
0.04920530469907533
0.04920453322671421
0.04920376021011083
0.049202985649265174
0.049202209544177256
0.04920143189484707
0.04920065270127461
0.049199871963459894
0.0491990896814029
0.049198305855103645
0.04919752048456212
0.04919673356977833
0.049195945110752266
0.04919515510748394
0.04919436355997334
0.04919357046822048
0.04919277583222535
0.049191979651987953
0.049191181927508286
0.04919038265878635
0.04918958184582215
0.04918877948861568
0.04918797558716694
0.04918717014147594
0.049186363151542664
0.04918555461736713
0.04918474453894932
0.049183932916289246
0.049183119749386904
0.049182305038242294
0.049181488782855415
0.04918067098322627
0.04917985163935486
0.04917903075124117
0.049178208318885225
0.04917738434228701
0.049176558821446524
0.04917573175636377
0.049174903147038755
0.049174072993471464
0.04917324129566191
0.04917240805361009
0.049171573267316
0.049170736936779647
0.04916989906200102
0.04916905964298013
0.04916821867971696
0.049167376172211535
0.04916653212046384
0.04916568652447388
0.04916483938424165
0.04916399069976715
0.04916314047105039
0.04916228869809135
0.04916143538089005
0.04916058051944648
0.04915972411376064
0.04915886616383254
0.04915800666966217
0.049157145631249524
0.049156283048594616
0.04915541892169745
0.049154553250558
0.049153686035176294
0.04915281727555231
0.04915194697168607
0.04915107512357755
0.04915020173122678
0.04914932679463373
0.04914845031379841
0.049147572288720826
0.049146692719400975
0.049145811605838856
0.04914492894803447
0.04914404474598782
0.04914315899969889
0.049142271709167705
0.04914138287439425
0.049140492495378524
0.04913960057212053
0.04913870710462027
0.04913781209287774
0.04913691553689294
0.04913601743666588
0.04913511779219655
0.04913421660348495
0.04913331387053109
0.04913240959333495
0.049131503771896554
0.049130596406215886
0.04912968749629295
0.049128777042127744
0.04912786504372027
0.049126951501070534
0.04912603641417852
0.04912511978304425
0.04912420160766771
0.049123281888048896
0.04912236062418782
0.049121437816084475
0.049120513463738864
0.04911958756715098
0.04911866012632083
0.04911773114124842
0.049116800611933735
0.04911586853837678
0.049114934920577565
0.04911399975853608
0.049113063052252326
0.0491121248017263
0.04911118500695801
0.04911024366794745
0.04910930078469463
0.04910835635719954
0.04910741038546218
0.04910646286948255
0.049105513809260655
0.04910456320479649
0.04910361105609006
0.049102657363141365
0.0491017021259504
0.049100745344517166
0.04909978701884166
0.04909882714892389
0.04909786573476386
0.049096902776361556
0.049095938273716985
0.049094972226830146
0.04909400463570104
0.04909303550032966
0.04909206482071602
0.04909109259686011
0.04909011882876193
0.049089143516421484
0.049088166659838776
0.04908718825901379
0.04908620831394655
0.04908522682463703
0.049084243791085246
0.049083259213291194
0.049082273091254874
0.04908128542497629
0.049080296214455435
0.049079305459692316
0.04907831316068693
0.04907731931743927
0.049076323929949345
0.04907532699821715
0.049074328522242694
0.04907332850202596
0.04907232693756697
0.049071323828865705
0.049070319175922174
0.04906931297873638
0.04906830523730831
0.04906729595163798
0.04906628512172538
0.04906527274757051
0.049064258829173375
0.04906324336653397
0.0490622263596523
0.04906120780852836
0.04906018771316215
0.04905916607355368
0.049058142889702935
0.049057118161609924
0.04905609188927465
0.0490550640726971
0.04905403471187729
0.04905300380681521
0.04905197135751086
0.04905093736396425
0.049049901826175364
0.049048864744144216
0.04904782611787079
0.04904678594735511
0.04904574423259715
0.049044700973596936
0.049043656170354444
0.04904260982286969
0.04904156193114266
0.04904051249517337
0.04903946151496181
0.04903840899050799
0.04903735492181189
0.04903629930887353
0.049035242151692894
0.04903418345027
0.04903312320460483
0.0490320614146974
0.0490309980805477
0.04902993320215573
0.04902886677952149
0.04902779881264499
0.04902672930152622
0.04902565824616518
0.049024585646561876
0.0490235115027163
0.04902243581462846
0.04902135858229835
0.04902027980572597
0.049019199484911326
0.04901811761985441
0.049017034210555234
0.04901594925701379
0.04901486275923007
0.049013774717204084
0.04901268513093584
0.04901159400042532
0.049010501325672536
0.04900940710667748
0.04900831134344016
0.04900721403596057
0.04900611518423871
0.04900501478827459
0.049003912848068196
0.04900280936361954
0.04900170433492861
0.04900059776199542
0.048999489644819955
0.04899837998340222
0.04899726877774222
0.04899615602783996
0.04899504173369543
0.048993925895308627
0.04899280851267956
0.04899168958580822
0.04899056911469462
0.048989447099338744
0.04898832353974061
0.0489871984359002
0.048986071787817526
0.04898494359549259
0.048983813858925376
0.0489826825781159
0.04898154975306415
0.04898041538377014
0.04897927947023386
0.04897814201245532
0.0489770030104345
0.04897586246417142
0.04897472037366606
0.048973576738918445
0.04897243155992856
0.04897128483669641
0.048970136569221986
0.0489689867575053
0.04896783540154634
0.048966682501345116
0.048965528056901624
0.04896437206821587
0.04896321453528784
0.04896205545811755
0.04896089483670498
0.04895973267105015
0.048958568961153054
0.048957403707013694
0.04895623690863206
0.048955068566008154
0.04895389867914199
0.04895272724803355
0.04895155427268285
0.04895037975308988
0.04894920368925464
0.04894802608117713
0.04894684692885736
0.04894566623229532
0.04894448399149101
0.04894330020644443
0.048942114877155586
0.04894092800362448
0.0489397395858511
0.048938549623835446
0.04893735811757753
0.048936165067077354
0.0489349704723349
0.04893377433335018
0.0489325766501232
0.048931377422653945
0.048930176650942424
0.048928974334988634
0.048927770474792576
0.048926565070354255
0.048925358121673666
0.0489241496287508
0.048922939591585675
0.04892172801017828
0.04892051488452862
0.04891930021463669
0.048918084000502494
0.04891686624212603
0.0489156469395073
0.0489144260926463
0.04891320370154303
0.048911979766197496
0.04891075428660969
0.04890952726277962
0.04890829869470728
0.048907068582392674
0.0489058369258358
0.04890460372503666
0.04890336897999525
0.04890213269071157
0.04890089485718563
0.048899655479417416
0.048898414557406934
0.04889717209115419
0.04889592808065917
0.04889468252592189
0.04889343542694234
0.04889218678372052
0.048890936596256436
0.04888968486455009
0.04888843158860146
0.048887176768410576
0.04888592040397742
0.048884662495301996
0.0488834030423843
0.04888214204522435
0.04888087950382212
0.048879615418177626
0.048878349788290865
0.048877082614161835
0.048875813895790536
0.048874543633176976
0.04887327182632114
0.04887199847522304
0.048870723579882674
0.04886944714030004
0.048868169156475134
0.04886688962840796
0.048865608556098526
0.04886432593954682
0.04886304177875284
0.0488617560737166
0.0488604688244381
0.04885918003091732
0.04885788969315427
0.04885659781114896
0.048855304384901384
0.04885400941441154
0.04885271289967942
0.04885141484070504
0.04885011523748839
0.048848814090029474
0.04884751139832829
0.04884620716238483
0.048844901382199116
0.048843594057771125
0.048842285189100866
0.048840974776188345
0.048839662819033555
0.0488383493176365
0.04883703427199717
0.04883571768211557
0.048834399547991715
0.04883307986962558
0.048831758647017186
0.04883043588016652
0.04882911156907359
0.04882778571373839
0.04882645831416092
0.04882512937034119
0.04882379888227918
0.04882246684997491
0.04882113327342838
0.04881979815263957
0.048818461487608496
0.04881712327833516
0.04881578352481955
0.048814442227061675
0.04881309938506153
0.04881175499881912
0.048810409068334434
0.04880906159360749
0.04880771257463828
0.048806362011426796
0.048805009903973046
0.048803656252277026
0.04880230105633874
0.04880094431615819
0.04879958603173537
0.04879822620307028
0.04879686483016293
0.0487955019130133
0.04879413745162141
0.04879277144598725
0.04879140389611083
0.04879003480199213
0.048788664163631174
0.04878729198102794
0.048785918254182443
0.04878454298309468
0.048783166167764645
0.048781787808192346
0.04878040790437778
0.04877902645632094
0.048777643464021844
0.04877625892748047
0.048774872846696835
0.04877348522167093
0.04877209605240276
0.048770705338892315
0.048769313081139604
0.04876791927914463
0.04876652393290739
0.04876512704242787
0.0487637286077061
0.04876232862874205
0.048760927105535735
0.04875952403808716
0.0487581194263963
0.04875671327046319
0.0487553055702878
0.04875389632587015
0.048752485537210226
0.04875107320430804
0.04874965932716359
0.04874824390577686
0.04874682694014787
0.04874540843027662
0.04874398837616309
0.04874256677780729
0.04874114363520923
0.048739718948368906
0.04873829271728631
0.048736864941961444
0.04873543562239431
0.048734004758584915
0.04873257235053324
0.04873113839823931
0.04872970290170311
0.04872826586092464
0.0487268272759039
0.048725387146640896
0.04872394547313562
0.04872250225538808
0.04872105749339827
0.048719611187166195
0.04871816333669185
0.04871671394197524
0.04871526300301636
0.048713810519815215
0.0487123564923718
0.04871090092068612
0.04870944380475817
0.048707985144587955
0.048706524940175466
0.048705063191520716
0.048703599898623696
0.04870213506148441
0.04870066868010285
0.04869920075447903
0.04869773128461294
0.04869626027050458
0.04869478771215396
0.04869331360956106
0.0486918379627259
0.048690360771648476
0.048688882036328776
0.048687401756766814
0.04868591993296258
0.048684436564916084
0.048682951652627315
0.04868146519609628
0.04867997719532298
0.04867848765030741
0.04867699656104957
0.04867550392754946
0.048674009749807096
0.04867251402782245
0.04867101676159555
0.04866951795112637
0.048668017596414925
0.048666515697461214
0.048665012254265234
0.04866350726682699
0.048662000735146475
0.048660492659223696
0.04865898303905865
0.04865747187465133
0.048655959166001746
0.04865444491310989
0.048652929115975775
0.04865141177459938
0.04864989288898073
0.04864837245911981
0.048646850485016616
0.048645326966671155
0.048643801904083434
0.04864227529725344
0.048640747146181176
0.04863921745086665
0.04863768621130986
0.04863615342751079
0.04863461909946946
0.04863308322718586
0.048631545810659996
0.04863000684989186
0.04862846634488146
0.04862692429562879
0.04862538070213385
0.048623835564396645
0.048622288882417174
0.048620740656195434
0.048619190885731425
0.04861763957102515
0.04861608671207661
0.048614532308885794
0.04861297636145272
0.04861141886977737
0.04860985983385976
0.048608299253699874
0.04860673712929773
0.04860517346065331
0.048603608247766626
0.048602041490637675
0.048600473189266455
0.048598903343652966
0.048597331953797215
0.04859575901969919
0.0485941845413589
0.048592608518776344
0.04859103095195152
0.04858945184088442
0.04858787118557506
0.048586288986023435
0.04858470524222954
0.04858311995419338
0.04858153312191495
0.048579944745394246
0.04857835482463128
0.048576763359626046
0.048575170350378546
0.04857357579688877
0.048571979699156734
0.048570382057182435
0.04856878287096586
0.048567182140507016
0.04856557986580591
0.048563976046862536
0.04856237068367689
0.04856076377624898
0.04855915532457881
0.04855754532866636
0.04855593378851165
0.04855432070411467
0.04855270607547542
0.0485510899025939
0.048549472185470115
0.04854785292410407
0.04854623211849574
0.04854460976864516
0.0485429858745523
0.04854136043621718
0.048539733453639794
0.04853810492682013
0.04853647485575821
0.04853484324045401
0.04853321008090755
0.04853157537711883
0.04852993912908783
0.048528301336814565
0.04852666200029904
0.04852502111954124
0.048523378694541174
0.04852173472529884
0.048520089211814235
0.04851844215408737
0.04851679355211823
0.048515143405906826
0.048513491715453154
0.04851183848075721
0.048510183701819004
0.04850852737863853
0.048506869511215786
0.04850521009955078
0.0485035491436435
0.048501886643493954
0.04850020869948076
0.04849852727947346
0.04849684596867623
0.04849516476708909
0.04849348367471202
0.04849180269154503
0.04849012181758811
0.04848844105284128
0.04848676039730452
0.048485079850977844
0.04848339941386124
0.048481719085954715
0.04848003886725827
0.0484783587577719
0.04847667875749561
0.0484749988664294
0.048473319084573266
0.048471639411927205
0.04846995984849123
0.048468280394265324
0.0484666010492495
0.04846492181344376
0.04846324268684809
0.0484615636694625
0.048459884761286987
0.048458205962321546
0.04845652727256619
0.048454848692020915
0.04845317022068571
0.04845149185856059
0.04844981360564554
0.04844813546194057
0.04844645742744568
0.048444779502160876
0.04844310168608614
0.04844142397922148
0.0484397463815669
0.0484380688931224
0.048436391513887976
0.048434714243863634
0.048433037083049364
0.04843136003144518
0.048429683089051066
0.04842800625586703
0.048426329531893075
0.0484246529171292
0.0484229764115754
0.04842130001523167
0.04841962372809803
0.048417947550174464
0.04841627148146097
0.04841459552195756
0.04841291967166423
0.04841124393058097
0.048409568298707795
0.048407892776044695
0.04840621736259167
0.04840454205834873
0.04840286686331586
0.04840119177749307
0.04839951680088036
0.04839784193347773
0.04839616717528517
0.04839449252630269
0.04839281798653029
0.04839114355596797
0.04838946923461573
0.04838779502247356
0.048386120919541475
0.04838444692581947
0.04838277304130753
0.04838109926600568
0.0483794255999139
0.0483777520430322
0.048376078595360576
0.04837440525689903
0.048372732027647566
0.04837105890760618
0.04836938589677487
0.04836771299515364
0.04836604020274248
0.04836436751954141
0.04836269494555041
0.04836102248076949
0.048359350125198645
0.04835767787883788
0.04835600574168719
0.04835433371374658
0.04835266179501605
0.0483509899854956
0.04834931828518522
0.04834764669408492
0.0483459752121947
0.04834430383951456
0.04834263257604449
0.048340961421784505
0.048339290376734595
0.048337619440894763
0.04833594861426501
0.048334277896845336
0.04833260728863573
0.048330936789636215
0.048329266399846776
0.04832759611926741
0.04832592594789812
0.04832425588573891
0.048322585932789784
0.04832091608905073
0.048319246354521755
0.04831757672920285
0.048315907213094034
0.048314237806195294
0.048312568508506626
0.04831089932002804
0.04830923024075953
0.0483075612707011
0.04830589240985275
0.048304223658214476
0.04830255501578628
0.04830088648256816
0.04829921805856011
0.04829754974376215
0.04829588153817427
0.048294213441796456
0.04829254545462873
0.048290877576671075
0.0482892098079235
0.048287542148386
0.04828587459805858
0.04828420715694124
0.04828253982503398
0.048280872602336794
0.04827920548884969
0.048277538484572655
0.048275871589505706
0.04827420480364883
0.04827253812700203
0.04827087155956531
0.048269205101338676
0.04826753875232211
0.04826587251251562
0.048264206381919215
0.04826254036053289
0.04826087444835664
0.04825920864539046
0.04825754295163436
0.04825587736708835
0.048254211891752406
0.04825254652562654
0.04825088126871076
0.04824921612100505
0.04824755108250942
0.04824588615322387
0.048244221333148395
0.048242556622283
0.04824089202062768
0.048239227528182445
0.04823756314494728
0.048235898870922195
0.04823423470610719
0.04823257065050226
0.04823090670410741
0.048229242866922636
0.04822757913894794
0.04822591552018332
0.048224252010628785
0.04822258861028432
0.04822092531914994
0.04821926213722563
0.0482175990645114
0.04821593610100725
0.04821427324671318
0.048212610501629186
0.04821094786575527
0.048209285339091426
0.04820762292163767
0.04820596061339398
0.04820429841436038
0.04820263632453685
0.0482009743439234
0.048199312472520024
0.04819765071032673
0.04819598905734351
0.048194327513570376
0.04819266607900732
0.04819100475365433
0.04818934353751143
0.048187682430578596
0.04818602143285585
0.04818436054434318
0.04818269976504058
0.048181039094948065
0.04817937853406563
0.04817771808239327
0.048176057739930986
0.048174397506678776
0.04817273738263665
0.0481710773678046
0.04816941746218263
0.048167757665770736
0.04816609797856892
0.04816443840057718
0.04816277893179552
0.04816111957222394
0.048159460321862434
0.04815780118071101
0.048156142148769655
0.04815448322603839
0.04815282441251719
0.04815116570820608
0.04814950711310504
0.04814784862721408
0.0481461902505332
0.04814453198306239
0.04814287382480167
0.04814121577575102
0.048139557835910445
0.048137900005279954
0.048136242283859536
0.0481345846716492
0.04813292716864894
0.04813126977485876
0.04812961249027865
0.04812795531490863
0.04812629824874868
0.04812464129179881
0.04812298444405902
0.0481213277055293
0.048119671076209666
0.048118014556100104
0.04811635814520063
0.04811470184351122
0.048113045651031895
0.04811138956776265
0.04810973359370348
0.048108077728854386
0.04810642197321537
0.04810476632678644
0.048103110789567576
0.0481014553615588
0.04809980004276009
0.048098144833171465
0.048096489732792916
0.04809483474162445
0.04809317985966606
0.04809152508691775
0.048089870423379505
0.04808821586905135
0.04808656142393327
0.048084907088025264
0.04808325286132734
0.04808159874383949
0.04807994473556172
0.04807829083649403
0.048076637046636415
0.04807498336598888
0.04807332979455142
0.048071676332324044
0.048070022979306744
0.048068369735499515
0.04806671660090237
0.0480650635755153
0.04806341065933831
0.0480617578523714
0.04806010515461456
0.048058452566067805
0.048056800086731126
0.048055147716604525
0.048053495455687996
0.04805184330398155
0.04805019126148518
0.04804853932819889
0.04804688750412268
0.04804523578925654
0.04804358418360049
0.04804193268715451
0.04804028129991861
0.048038630021892785
0.048036978853077034
0.04803532779347137
0.04803367684307578
0.048032026001890264
0.04803037526991483
0.048028724647149475
0.048027074133594194
0.04802542372924899
0.04802377343411387
0.048022123248188824
0.04802047317147386
0.04801882320396897
0.04801717334567415
0.04801552359658942
0.04801387395671476
0.04801222442605018
0.048010575004595685
0.04800892569235126
0.048007276489316915
0.04800562739549265
0.04800397841087846
0.04800232953547435
0.04800068076928031
0.04799903211229636
0.047997383564522475
0.04799573512595868
0.047994086796604954
0.04799243857646131
0.04799079046552774
0.04798914246380425
0.04798749457129084
0.04798584678798751
0.04798419911389425
0.04798255154901107
0.047980904093337974
0.04797925674687495
0.04797760950962201
0.04797596238157914
0.04797431536274635
0.04797266845312364
0.047971021652711006
0.04796937496150845
0.047967728379515975
0.04796608190673358
0.04796443554316125
0.04796278928879901
0.04796114314364684
0.04795949710770475
0.047957851180972746
0.04795620536345081
0.04795455965513896
0.04795291405603718
0.047951268566145476
0.047949623185463856
0.047947977913992315
0.047946332751730845
0.04794468769867946
0.04794304275483815
0.047941397920206914
0.047939753194785766
0.04793810857857469
0.04793646407157369
0.04793481967378277
0.04793317538520192
0.04793153120583116
0.04792988713567047
0.04792824317471986
0.047926599322979324
0.047924955580448875
0.0479233119471285
0.0479216684230182
0.04792002500811798
0.047918381702427834
0.04791673850594777
0.047915095418677785
0.04791345244061787
0.04791180957176804
0.047910166812128285
0.047908524161698614
0.047906881620479014
0.04790523918846949
0.04790359686567005
0.047901954652080685
0.0479003125477014
0.04789867055253219
0.047897028666573055
0.047895386889824004
0.04789374522228503
0.04789210366395613
0.04789046221483731
0.047888820874928566
0.04788717964422991
0.04788553852274132
0.047883897510462806
0.047882256607394376
0.047880615813536025
0.04787897512888775
0.04787733455344955
0.047875694087221435
0.04787405373020339
0.047872413482395425
0.04787077334379754
0.047869133314409736
0.047867493394232005
0.047865853583264346
0.04786421388150677
0.04786257428895928
0.047860934805621855
0.04785929543149452
0.04785765616657725
0.04785601701087007
0.04785437796437296
0.04785273902708593
0.04785110019900898
0.0478494614801421
0.04784782287048531
0.04784618437003859
0.047844545978801944
0.047842907696775384
0.047841269523958896
0.04783963146035249
0.04783799350595616
0.04783635566076991
0.04783471792479373
0.04783308029802764
0.04783144278047162
0.04782980537212568
0.04782816807298981
0.04782653088306403
0.04782489380234832
0.047823256830842695
0.04782161996854714
0.047819983215461666
0.047818346571586276
0.04781671003692096
0.04781507361146571
0.04781343729522055
0.04781180108818547
0.04781016499036046
0.04780852900174553
0.04780689312234068
0.047805257352145906
0.04780362169116121
0.04780198613938659
0.04780035069682206
0.047798715363467595
0.047797080139323204
0.0477954450243889
0.04779381001866467
0.04779217512215052
0.04779054033484645
0.04778890565675245
0.04778727108786854
0.0477856366281947
0.047784002277730935
0.04778236803647725
0.047780733904433645
0.04777909988160012
0.04777746596797667
0.04777583216356329
0.04777419846836
0.04777256488236678
0.047770931405583646
0.04776929803801058
0.0477676647796476
0.04776603163049469
0.047764398590551864
0.047762765659819115
0.047761132838296444
0.047759500125983845
0.04775786752288133
0.04775623502898889
0.04775460264430653
0.04775297036883425
0.04775133820257204
0.04774970614551992
0.04774807419767787
0.04774644235904589
0.047744810629624
0.04774317900941218
0.04774154749841045
0.04773991609661878
0.047738284804037204
0.047736653620665696
0.04773502254650427
0.04773339158155292
0.04773176072581165
0.04773012997928046
0.047728499341959336
0.0477268688138483
0.04772523839494734
0.047723608085256455
0.047721977884775654
0.047720347793504925
0.04771871781144428
0.04771708793859371
0.047715458174953214
0.0477138285205228
0.04771219897530246
0.0477105695392922
0.04770894021249202
0.047707310994901914
0.04770568188652189
0.04770405288735194
0.04770242399739207
0.04770079521664228
0.04769916654510256
0.047697537982772924
0.047695909529653364
0.047694281185743884
0.04769265295104448
0.04769102482555515
0.047689396809275905
0.04768776890220674
0.04768614110434764
0.047684513415698626
0.04768288583625969
0.047681258366030835
0.04767963100501205
0.04767800375320335
0.04767637661060472
0.04767474957721617
0.047673122653037706
0.04767149583806931
0.047669869132311
0.04766824253576276
0.0476666160484246
0.047664989670296525
0.04766336340137852
0.047661737241670596
0.04766011119117275
0.047658485249884974
0.047656859417807285
0.047655233694939673
0.047653608081282134
0.04765198257683467
0.0476503571815973
0.04764873189556999
0.04764710671875277
0.04764548165114562
0.04764385669274855
0.04764223184356156
0.04764060710358465
0.04763898247281781
0.047637357951261054
0.04763573353891437
0.04763410923577777
0.04763248504185125
0.0476308609571348
0.04762923698162843
0.04762761311533214
0.047625989358245926
0.04762436571036979
0.04762274217170374
0.04762111874224775
0.047619495422001855
0.04761787221096603
0.04761624910914028
0.047614626116524617
0.047613003233119025
0.04761138045892351
0.04760975779393808
0.047608135238162715
0.04760651279159744
0.04760489045424224
0.04760326822609711
0.04760164610716207
0.0476000240974371
0.047598402196922206
0.0475967804056174
0.047595158723522664
0.04759353715063801
0.04759191568696343
0.04759029433249892
0.0475886730872445
0.04758705195120016
0.04758543092436589
0.047583810006741695
0.04758218919832759
0.04758056849912355
0.047578947909129594
0.047577327428345716
0.047575707056771915
0.047574086794408194
0.04757246664125455
0.04757084659731098
0.04756922666257749
0.04756760683705408
0.04756598712074075
0.04756436751363749
0.04756274801574431
0.04756112862706121
0.04755950934758819
0.04755789017732524
0.04755627111627238
0.047554652164429584
0.047553033321796875
0.047551414588374245
0.04754979596416169
0.04754817744915921
0.047546559043366805
0.04754494074678449
0.047543322559412245
0.04754170448125008
0.047540086512297984
0.047538468652555975
0.047536850902024044
0.047535233260702185
0.04753361572859041
0.04753199830568871
0.047530380991997086
0.04752876378751555
0.04752714669224408
0.04752552970618269
0.047523912829331376
0.047522296061690145
0.04752067940325899
0.04751906285403791
0.047517446414026915
0.04751583008322599
0.04751421386163515
0.047512597749254384
0.047510981746083696
0.047509365852123085
0.04750775006737255
0.0475061343918321
0.04750451882550172
0.04750290336838142
0.047501288020471204
0.04749967278177106
0.04749805765228099
0.04749644263200101
0.047494827720931096
0.04749321291907126
0.04749159822642151
0.047489983642981834
0.04748836916875224
0.04748675480373271
0.04748514054792327
0.0474835264013239
0.04748191236393462
0.04748029843575541
0.047478684616786275
0.04747707090702722
0.047475457306478244
0.04747384381513935
0.04747223043301053
0.04747061716009179
0.047469003996383125
0.047467390941884534
0.04746577799659603
0.047464165160517595
0.04746255243364924
0.04746093981599096
0.047459327307542765
0.047457714908304645
0.047456102618276604
0.04745449043745864
0.047452878365850756
0.047451266403452944
0.047449654550265216
0.04744804280628756
0.04744643117151998
0.04744481964596249
0.04744320822961507
0.04744159692247773
0.047439985724550465
0.04743837463583327
0.04743676365632617
0.04743515278602914
0.04743354202494218
0.04743193137306531
0.04743032083039851
0.04742871039694179
0.047427100072695155
0.04742548985765859
0.047423879751832106
0.04742226975521569
0.04742065986780936
0.04741905008961311
0.04741744042062694
0.04741583086085084
0.04741422141028482
0.04741261206892888
0.04741100283678302
0.04740939371384723
0.047407784700121525
0.047406175795605895
0.047404567000300345
0.047402958314204865
0.04740134973731947
0.047399741269644156
0.04739813291117891
0.04739652466192375
0.04739491652187867
0.04739330849104366
0.04739170056941873
0.04739009275700388
0.047388485053799105
0.047386877459804404
0.04738526997501979
0.04738366259944525
0.047382055333080784
0.047380448175926404
0.047378841127982095
0.047377234189247865
0.04737562735972371
0.04737402063940964
0.047372414028305644
0.04737080752641173
0.04736920113372789
0.04736759485025412
0.04736598867599044
0.04736438261093683
0.04736277665509331
0.047361170808459856
0.04735956507103648
0.047357959442823186
0.04735635392381997
0.04735474851402683
0.04735314321344377
0.04735153802207078
0.04734993293990788
0.047348327966955046
0.0473467231032123
0.047345118348679625
0.04734351370335703
0.04734190916724451
0.04734030474034207
0.04733870042264971
0.04733709621416743
0.047335492114895225
0.04733388812483309
0.047332284243981046
0.04733068047233907
0.04732907680990718
0.04732747325668536
0.04732586981267362
0.04732426647787196
0.04732266325228038
0.047321060135898874
0.04731945712872745
0.04731785423076609
0.047316251442014824
0.04731464876247363
0.047313046192142515
0.047311443731021474
0.04730984137911051
0.04730823913640963
0.047306637002918824
0.0473050349786381
0.04730343306356745
0.04730183125770688
0.04730022956105638
0.04729862797361597
0.04729702649538563
0.04729542512636537
0.04729382386655519
0.04729222271595508
0.047290621674565055
0.047289020742385106
0.047287419919415236
0.047285819205655444
0.047284218601105724
0.04728261810576609
0.047281017719636526
0.04727941744271705
0.04727781727500764
0.047276217216508314
0.047274617267219064
0.04727301742713989
0.0472714176962708
0.04726981807461179
0.04726821856216285
0.04726661915892399
0.04726501986489521
0.0472634206800765
0.04726182160446788
0.04726022263806933
0.04725862378088086
0.04725702503290247
0.04725542639413415
0.047253827864575916
0.04725222944422776
0.04725063113308967
0.04724903293116167
0.04724743483844374
0.0472458368549359
0.04724423898063813
0.047242641215550434
0.04724104355967282
0.04723944601300528
0.047237848575547824
0.047236251247300444
0.04723465402826314
0.04723305691843591
0.04723145991781877
0.047229863026411696
0.0472282662442147
0.04722666957122779
0.047225073007450956
0.0472234765528842
0.04722188020752752
0.047220283971380915
0.047218687844444385
0.04721709182671794
0.047215495918201573
0.04721390011889528
0.04721230442879906
0.04721070884791293
0.04720911337623687
0.04720751801377089
0.04720592276051499
0.047204327616469165
0.04720273258163342
0.047201137656007745
0.04719954283959216
0.04719794813238664
0.04719635353439121
0.04719475904560585
0.04719316466603057
0.047191570395665364
0.04718997623451024
0.04718838218256519
0.047186788239830225
0.047185194406305336
0.047183600681990526
0.04718200706688579
0.04718041356099113
0.04717882016430655
0.04717722687683205
0.04717563369856762
0.04717404062951328
0.047172447669669014
0.04717085481903482
0.047169262077610706
0.04716766944539667
0.04716607692239271
0.047164484508598836
0.04716289220401503
0.04716130000864131
0.047159707922477666
0.0471581159455241
0.04715652407778061
0.047154932319247195
0.04715334066992386
0.047151749129810606
0.04715015769890742
0.047148566377214325
0.0471469751647313
0.04714538406145836
0.04714379306739549
0.0471422021825427
0.047140611406899985
0.04713902074046735
0.047137430183244795
0.04713583973523232
0.04713424939642991
0.04713265916683759
0.047131069046455344
0.04712947903528318
0.04712788913332109
0.047126299340569076
0.04712470965702714
0.047123120082695286
0.04712153061757351
0.04711994126166181
0.04711835201496019
0.047116762877468646
0.047115173849187175
0.04711358493011579
0.047111996120254476
0.04711040741960324
0.047108818828162084
0.047107230345931006
0.047105641972910006
0.047104053709099085
0.04710246555449824
0.04710087750910748
0.047099289572926785
0.04709770174595618
0.04709611402819564
0.047094526419645184
0.04709293892030481
0.04709135153017451
0.04708976424925429
0.04708817707754415
0.047086590015044075
0.04708500306175409
0.04708341621767418
0.047081829482804344
0.04708024285714459
0.04707865634069491
0.04707706993345531
0.0470754836354258
0.04707389744660635
0.04707231136699699
0.04707072539659769
0.047069139535408484
0.047067553783429354
0.047065968140660296
0.04706438260710132
0.04706279718275242
0.047061211867613605
0.04705962666168486
0.047058041564966194
0.047056456577457606
0.0470548716991591
0.047053286930070666
0.04705170227019231
0.04705011771952403
0.04704853327806583
0.047046948945817714
0.04704536472277967
0.0470437806089517
0.04704219660433382
0.04704061270892601
0.04703902892272828
0.04703744524574062
0.047035861677963045
0.04703427821939555
0.047032694870038125
0.047031111629890786
0.04702952849895352
0.047027945477226336
0.047026362564709226
0.047024779761402194
0.04702319706730524
0.047021614482418365
0.04702003200674157
0.047018449640274844
0.047016867383018204
0.047015285234971636
0.047013703196135154
0.04701212126650874
0.04701053944609241
0.047008957734886156
0.04700737613288998
0.04700579464010389
0.047004213256527864
0.047002631982161924
0.04700105081700606
0.04699946976106027
0.04699788881432457
0.046996307976798934
0.04699472724848338
0.04699314662937791
0.04699156611948251
0.04698998571879719
0.04698840542732195
0.04698682524505678
0.0469852451720017
0.046983665208156694
0.04698208535352176
0.04698050560809691
0.046978925971882135
0.04697734644487744
0.04697576702708282
0.046974187718498275
0.04697260851912381
0.04697102942895943
0.04696945044800512
0.04696787157626089
0.04696629281372674
0.04696471416040266
0.04696313561628867
0.04696155718138475
0.046959978855690906
0.04695840063920714
0.04695682253193346
0.04695524453386985
0.04695366664501632
0.046952088865372874
0.046950511194939495
0.0469489336337162
0.04694735618170298
0.04694577883889984
0.04694420160530678
0.046942624480923796
0.04694104746575089
0.04693947055978806
0.0469378937630353
0.04693631707549263
0.04693474049716004
0.046933164028037516
0.04693158766812508
0.046930011417422715
0.046928435275930436
0.04692685924364823
0.0469252833205761
0.04692370750671405
0.046922131802062075
0.046920556206620175
0.04691898072038836
0.04691740534336662
0.04691583007555496
0.04691425491695337
0.04691267986756187
0.04691110492738044
0.04690953009640909
0.046907955374647814
0.04690638076209662
0.0469048062587555
0.046903231864624466
0.0469016575797035
0.04690008340399262
0.04689850933749181
0.04689693538020108
0.046895361532120435
0.04689378779324986
0.046892214163589366
0.04689064064313895
0.04688906723189861
0.046887493929868344
0.04688592073704816
0.04688434765343806
0.04688277467903803
0.046881201813848083
0.04687962905786821
0.046878056411098414
0.046876483873538696
0.04687491144518906
0.0468733391260495
0.046871766916120015
0.04687019481540061
0.04686862282389128
0.046867050941592034
0.04686547916850286
0.04686390750462377
0.04686233594995475
0.04686076450449581
0.04685919316824695
0.04685762194120817
0.046856050823379465
0.04685447981476083
0.046852908915352286
0.04685133812515382
0.04684976744416542
0.0468481968723871
0.04684662640981887
0.04684505605646071
0.046843485812312624
0.04684191567737462
0.04684034565164669
0.046838775735128846
0.04683720592782107
0.04683563622972338
0.04683406664083577
0.046832497161158226
0.046830927790690764
0.04682935852943339
0.04682778937738608
0.046826220334548856
0.04682465140092171
0.04682308257650463
0.04682151386129764
0.04681994525530073
0.046818376758513885
0.04681680837093713
0.046815240092570445
0.04681367192341385
0.04681210386346732
0.04681053591273087
0.0468089680712045
0.04680740033888821
0.04680583271578199
0.04680426520188585
0.046802697797199797
0.04680113050172381
0.046799601999917124
0.04679809992176021
0.04679659925734685
0.046795100006677054
0.046793602169750814
0.04679210574656813
0.04679061073712901
0.04678911714143344
0.04678762495948143
0.046786134191272984
0.04678464483680809
0.04678315689608676
0.046781670369108984
0.04678018525587477
0.04677870155638411
0.046777219270637015
0.04677573839863347
0.04677425894037349
0.04677278089585707
0.046771304265084204
0.0467698290480549
0.04676835524476915
0.04676688285522696
0.04676541187942833
0.046763942317373255
0.04676247416906174
0.04676100743449378
0.04675954211366939
0.046758078206588546
0.046756615713251265
0.04675515463365754
0.04675369496780738
0.04675223671570077
0.04675077987733772
0.04674932445271824
0.0467478704418423
0.04674641784470993
0.04674496666132112
0.046743516891675864
0.046742068535774166
0.04674062159361603
0.04673917606520145
0.04673773195053043
0.046736289249602964
0.04673484796241906
0.04673340808897871
0.04673196962928192
0.046730532583328696
0.04672909695111902
0.046727662732652914
0.04672622992793036
0.04672479853695136
0.04672336855971592
0.046721939996224045
0.04672051284647572
0.04671908711047096
0.046717662788209754
0.04671623987969211
0.046714818384918026
0.046713398303887495
0.04671197963660052
0.04671056238305711
0.04670914654325726
0.046707732117200966
0.046706319104888226
0.046704907506319046
0.046703497321493426
0.046702088550411365
0.046700681193072864
0.046699275249477916
0.046697870719626534
0.046696467603518706
0.04669506590115444
0.04669366561253372
0.04669226673765657
0.046690869276522974
0.046689473229132944
0.04668807859548647
0.04668668537558354
0.046685293569424184
0.04668390317700838
0.04668251419833614
0.046681126633407455
0.04667974048222232
0.046678355744780756
0.04667697242108275
0.046675590511128295
0.0466742100149174
0.04667283093245007
0.04667145326372629
0.04667007700874607
0.04666870216750941
0.04666732874001631
0.046665956726266763
0.04666458612626078
0.04666321693999836
0.04666184916747949
0.046660482808704176
0.046659117863672425
0.046657754332384234
0.0466563922148396
0.046655031511038524
0.04665367222098101
0.04665231434466705
0.046650957882096646
0.046649602833269806
0.046648249198186525
0.0466468969768468
0.04664554616925063
0.04664419677539802
0.046642848795288974
0.04664150222892348
0.04664015707630155
0.046638813337423174
0.04663747101228836
0.0466361301008971
0.0466347906032494
0.04663345251934525
0.046632115849184676
0.04663078059276765
0.046629446750094186
0.046628114321164274
0.04662678330597793
0.046625453704535136
0.0466241255168359
0.04662279874288023
0.046621473382668116
0.046620149436199555
0.04661882690347456
0.04661750578449312
0.04661618607925524
0.04661486778776091
0.04661355091001015
0.04661223544600294
0.04661092139573929
0.0466096087592192
0.04660829753644267
0.0466069877274097
0.04660567933212028
0.04660437235057443
0.04660306678277213
0.046601762628713385
0.046600459888398206
0.04659915856182659
0.04659785864899852
0.046596560149914014
0.04659526306457307
0.04659396739297568
0.046592673135121845
0.04659138029101158
0.04659008886064486
0.04658879884402171
0.04658751024114211
0.04658622305200607
0.046584937276613586
0.04658365291496467
0.046582369967059306
0.0465810884328975
0.04657980831247925
0.04657852960580457
0.046577252312873435
0.04657597643368586
0.04657470196824185
0.0465734289165414
0.0465721572785845
0.04657088705437116
0.046569618243901385
0.04656835084717516
0.0465670848641925
0.046565820294953396
0.04656455713945785
0.04656329539770586
0.04656203506969743
0.04656077615543256
0.04655951865491125
0.046558262568133495
0.0465570078950993
0.04655575463580866
0.04655450279026158
0.046553252358458065
0.0465520033403981
0.0465507557360817
0.046549509545508856
0.04654826476867957
0.046547021405593844
0.04654577945625167
0.04654453892065306
0.04654329979879801
0.04654206209068651
0.046540825796318575
0.0465395909156942
0.04653835744881338
0.046537125395676116
0.04653589475628241
0.04653466553063227
0.04653343771872569
0.04653221132056266
0.04653098633614319
0.04652976276546728
0.04652854060853493
0.04652731986534613
0.0465261005359009
0.04652488262019922
0.0465236661182411
0.04652245103002654
0.04652123735555554
0.046520025094828096
0.046518814247844216
0.04651760481460389
0.04651639679510712
0.04651519018935391
0.04651398499734426
0.04651278121907817
0.04651157885455563
0.046510377903776656
0.04650917836674124
0.04650798024344938
0.04650678353390108
0.046505588238096335
0.04650439435603515
0.046503201887717525
0.04650201083314346
0.046500821192312955
0.046499632965226
0.04649844615188261
0.046497260752282776
0.0464960767664265
0.04649489419431378
0.04649371303594463
0.04649253329131903
0.046491354960436986
0.046490178043298504
0.046489002539903575
0.04648782845025221
0.0464866557743444
0.04648548451218015
0.04648431466375946
0.04648314622908233
0.046481979208148755
0.046480813600958744
0.046479649407512286
0.04647848662780939
0.04647732526185004
0.04647616530963426
0.046475006771162036
0.04647384964643337
0.04647269393544826
0.046471539638206716
0.04647038675470873
0.046469235284954294
0.04646808522894342
0.046466936586676104
0.04646578935815235
0.04646464354337215
0.04646349914233551
0.046462356155042434
0.04646121458149291
0.046460074421686946
0.046458935675624535
0.04645779834330569
0.0464566624247304
0.04645552791989867
0.046454394828810495
0.04645326315146588
0.04645213288786483
0.04645100403800733
0.04644987660189339
0.04644875057952301
0.04644762597089619
0.04644650277601293
0.04644538099487322
0.04644426062747707
0.04644314167382449
0.046442024133915454
0.046440908007749984
0.046439793295328075
0.04643867999664972
0.04643756811171492
0.04643645764052368
0.046435348583076005
0.04643424093937188
0.04643313470941132
0.04643202989319432
0.04643092649072087
0.04642982450199098
0.04642872392700465
0.04642762476576188
0.04642652701826267
0.04642543068450702
0.04642433576449492
0.04642324225822638
0.046422150165701406
0.046421059486919984
0.04641997022188212
0.04641888237058782
0.046417795933037076
0.046416710909229886
0.046415627299166255
0.04641454510284619
0.04641346432026967
0.04641238495143672
0.04641130699634733
0.04641023045500149
0.04640915532739921
0.04640808161354049
0.04640700931342533
0.04640593842705373
0.046404868954425686
0.0464038008955412
0.04640273425040028
0.0464016690190029
0.046400605201349095
0.046399542797438846
0.04639848180727215
0.046397422230849014
0.04639636406816944
0.04639530731923342
0.04639425198404096
0.04639319806259205
0.046392145554886716
0.04639109446092493
0.0463900447807067
0.046388996514232034
0.04638794966150092
0.046386904222513375
0.04638586019726938
0.04638481758576894
0.04638377638801207
0.046382736603998755
0.046381698233728993
0.04638066127720279
0.04637962573442015
0.04637859160538106
0.04637755889008554
0.04637652758853357
0.04637549770072516
0.04637446922666031
0.04637344216633902
0.04637241651976129
0.04637139228692711
0.04637036946783649
0.046369348062489435
0.046368328070885936
0.046367309493026
0.04636629232890961
0.046365276578536785
0.04636426224190752
0.04636324931902181
0.046362237809879664
0.04636122771448107
0.04636021903282604
0.04635921176491457
0.04635820591074665
0.04635720147032229
0.04635619844364149
0.04635519683070425
0.046354196631510566
0.04635319784606044
0.04635220047435388
0.046351204516390875
0.04635020997217142
0.04634921684169553
0.0463482251249632
0.04634723482197443
0.046346245932729215
0.046345258457227555
0.046344272395469455
0.046343287747454914
0.046342304513183934
0.04634132269265651
0.04634034228587265
0.04633936329283234
0.046338385713535594
0.046337409547982406
0.046336434796172776
0.0463354614581067
0.04633448953378419
0.04633351902320523
0.046332549926369836
0.04633158224327799
0.04633061597392971
0.046329651118324995
0.04632868767646383
0.046327725648346224
0.04632676503397218
0.046325805833341685
0.04632484804645476
0.046323891673311385
0.04632293671391157
0.04632198316825532
0.04632103103634262
0.04632008031817348
0.046319131013747905
0.04631818312306588
0.04631723664612742
0.04631629158293251
0.04631534793348117
0.04631440569777338
0.04631346487580915
0.04631252546758848
0.046311587473111364
0.04631065089237781
0.04630971572538782
0.04630878197214138
0.0463078496326385
0.04630691870687918
0.046305989194863416
0.046305061096591216
0.04630413441206257
0.04630320914127748
0.04630228528423595
0.046301362840937985
0.04630044181138357
0.04629952219557272
0.046298603993505424
0.04629768720518169
0.04629677183060151
0.04629585786976489
0.04629494532267183
0.046294034189322326
0.04629312446971638
0.046292216163854
0.046291309271735165
0.0462904037933599
0.04628949972872819
0.046288597077840034
0.04628769584069544
0.04628679601729441
0.046285897607636926
0.04628500061172301
0.04628410502955265
0.04628321086112585
0.04628231810644261
0.04628142676550292
0.046280536838306796
0.046279648324854226
0.04627876122514522
0.04627787553917976
0.04627699126695787
0.04627610840847954
0.04627522696374476
0.04627434693275354
0.04627346831550588
0.04627259111200178
0.04627171532224124
0.04627084094622425
0.046269967983950826
0.04626909643542096
0.04626822630063465
0.0462673575795919
0.04626649027229271
0.046265624378737075
0.046264759898925
0.046263896832856484
0.04626303518053152
0.046262174941950125
0.04626131611711228
0.046260458706018
0.046259602708667275
0.046258748125060103
0.0462578949551965
0.04625704319907645
0.046256192856699956
0.04625534392806702
0.04625449641317765
0.04625365031203183
0.04625280562462957
0.04625196235097088
0.04625112049105574
0.04625028004488415
0.04624944101245613
0.04624860339377166
0.04624776718883075
0.0462469323976334
0.046246099020179614
0.046245267056469384
0.04624443650650271
0.04624360737027959
0.046242779647800034
0.046241953339064036
0.0462411284440716
0.04624030496282271
0.046239482895317395
0.04623866224155563
0.046237843001537424
0.04623702517526277
0.046236208762731684
0.04623539376394415
0.04623458017890018
0.04623376800759976
0.04623295725004291
0.04623214790622961
0.04623133997615987
0.04623053345983369
0.04622972835725107
0.046228924668412004
0.0462281223933165
0.04622732153196455
0.04622652208435617
0.046225724050491336
0.04622492743037006
0.04622413222399235
0.046223338431358195
0.046222546052467596
0.04622175508732056
0.04622096553591708
0.04622017739825716
0.04621939067434079
0.04621860536416799
0.04621782146773874
0.046217038985053055
0.04621625791611093
0.04621547826091235
0.046214700019457336
0.04621392319174589
0.04621314777777799
0.046212373777553654
0.04621160119107287
0.046210830018335654
0.04621006025934199
0.046209291914091885
0.04620852498258534
0.046207759464822355
0.04620699536080292
0.04620623267052705
0.046205471393994745
0.04620471153120599
0.04620395308216079
0.04620319604685916
0.046202440425301076
0.046201686217486555
0.046200933423415594
0.04620018204308819
0.04619943207650435
0.04619868352366406
0.04619793638456734
0.04619719065921417
0.04619644634760455
0.0461957034497385
0.04619496196561601
0.04619422189523707
0.046193483238601694
0.046192745995709876
0.04619201016656162
0.04619127575115691
0.04619054274949577
0.046189811161578186
0.04618908098740416
0.046188352226973685
0.04618762488028678
0.04618689894734342
0.046186174428143635
0.0461854513226874
0.04618472963097472
0.0461840093530056
0.046183290488780046
0.04618257303829804
0.0461818570015596
0.046181142378564716
0.04618042916931339
0.04617971737380562
0.04617900699204141
0.04617829802402076
0.046177590469743665
0.04617688432921013
0.04617617960242016
0.04617547628937374
0.04617477439007088
0.04617407390451158
0.04617337483269584
0.04617267717462366
0.04617198093029503
0.04617128609970996
0.04617059268286845
0.046169900679770504
0.046169210090416114
0.04616852091480528
0.04616783315293801
0.04616714680481429
0.04616646187043413
0.04616577834979753
0.04616509624290449
0.046164415549755006
0.04616373627034908
0.046163058404686715
0.04616238195276791
0.04616170691459266
0.04616103329016097
0.046160361079472835
0.04615969028252826
0.04615902089932725
0.04615835292986979
0.04615768637415589
0.04615702123218555
0.046156357503958766
0.04615569518947554
0.04615503428873588
0.04615437480173977
0.046153716728487226
0.046153060068978236
0.046152404823212805
0.046151750991190926
0.046151098572912615
0.046150447568377856
0.046149797977586664
0.04614914980053902
0.04614850303723494
0.04614785768767442
0.04614721375185745
0.04614657122978404
0.046145930121454196
0.04614529042686791
0.04614465214602518
0.046144015278926004
0.046143379825570395
0.04614274578595834
0.04614211316008984
0.0461414819479649
0.04614085214958352
0.0461402237649457
0.046139596794051434
0.04613897123690073
0.046138347093493584
0.04613772436383
0.046137103047909966
0.046136483145733494
0.04613586465730058
0.04613524758261123
0.046134631921665434
0.04613401767446319
0.04613340484100451
0.04613279342128939
0.04613218341531783
0.04613157482308983
0.04613096764460538
0.046130361879864495
0.046129757528867166
0.046129154591613396
0.04612855306810318
0.04612795295833653
0.04612735426231343
0.04612675698003389
0.046126161111497914
0.046125566656705495
0.046124973615656636
0.04612438198835133
0.046123791774789584
0.0461232029749714
0.04612261558889677
0.0461220296165657
0.04612144505797819
0.046120861913134234
0.046120280182033846
0.046119699864677004
0.04611912096106373
0.04611854347119401
0.04611796739506785
0.046117392732685246
0.0461168194840462
0.04611624764915072
0.04611567722799879
0.04611510822059042
0.04611454062692561
0.04611397444700436
0.04611340968082667
0.04611284632839253
0.046112284389701955
0.046111723864754935
0.046111164753551474
0.046110607056091574
0.046110050772375226
0.046109495902402445
0.046108942446173216
0.04610839040368755
0.04610783977494544
0.04610729055994689
0.04610674275869189
0.04610619637118046
0.046105651397412586
0.04610510783738827
0.046104565691107505
0.04610402495857031
0.04610348563977666
0.04610294773472658
0.04610241124342006
0.046101876165857085
0.04610134250203768
0.046100810251961825
0.04610027941562954
0.046099749993040805
0.04609922198419563
0.04609869538909401
0.046098170207735954
0.04609764644012145
0.04609712408625051
0.04609660314612313
0.046096083619739305
0.046095565507099034
0.04609504880820233
0.04609453352304918
0.04609401965163959
0.04609350719397356
0.04609299615005108
0.04609248651987217
0.04609197830343681
0.04609147150074501
0.04609096611179677
0.046090462136592084
0.046089959575130963
0.046089458427413396
0.04608895869343939
0.04608846037320894
0.04608796346672205
0.04608746797397872
0.04608697389497894
0.04608648122972273
0.04608598997821007
0.04608550014044097
0.046085011716415436
0.04608452470613345
0.04608403910959503
0.04608355492680016
0.04608307215774886
0.04608259080244111
0.04608211086087692
0.04608163233305629
0.046081155218979215
0.0460806795186457
0.04608020523205575
0.04607973235920935
0.046079260900106514
0.04607879085474723
0.04607832222313151
0.04607785500525934
0.04607738920113074
0.04607692481074569
0.0460764618341042
0.04607600027120627
0.0460755401220519
0.04607508138664109
0.04607462406497383
0.046074168157050135
0.04607371366287
0.04607326058243342
0.0460728089157404
0.046072358662790934
0.04607190982358503
0.04607146239812268
0.046071016386403894
0.04607057178842867
0.04607012860419699
0.046069686833708885
0.04606924647696433
0.046068807533963335
0.04606837000470589
0.04606793388919202
0.046067499187421694
0.04606706589939494
0.04606663402511173
0.046066203564572084
0.046065774517776
0.04606534688472347
0.0460649206654145
0.046064495859849085
0.04606407246802723
0.04606365048994894
0.0460632299256142
0.04606281077502303
0.04606239303817541
0.04606197671507135
0.04606156180571084
0.0460611483100939
0.04606073622822051
0.04606032556009068
0.04605991630570441
0.0460595084650617
0.046059102038162554
0.04605869702500696
0.04605829342559492
0.04605789123992644
0.046057490468001526
0.04605709110982016
0.04605669316538236
0.04605629663468812
0.04605590151773743
0.04605550781453031
0.04605511552506674
0.04605472464934673
0.046054335187370274
0.04605394713913738
0.046053560504648046
0.04605317528390227
0.04605279147690006
0.046052409083641395
0.04605202810412629
0.04605164853835475
0.04605127038632677
0.04605089364804234
0.046050518323501474
0.046050144412704164
0.04604977191565041
0.04604940083234022
0.046049031162773583
0.04604866290695051
0.04604829606487099
0.046047930636535034
0.046047566621942634
0.046047204021093795
0.04604684283398851
0.04604648306062679
0.04604612470100862
0.04604576775513401
0.04604541222300296
0.04604505810461547
0.04604470539997153
0.04604435410907116
0.04604400423191434
0.046043655768501085
0.04604330871883139
0.046042963082905244
0.04604261886072266
0.046042276052283636
0.04604193465758817
0.046041594676636266
0.046041256109427914
0.04604091895596313
0.046040583216241895
0.046040248890264215
0.0460399159780301
0.04603958447953955
0.04603925439479255
0.046038925723789106
0.046038598466529225
0.0460382726230129
0.046037948193240134
0.04603762517721093
0.04603730357492528
0.04603698338638319
0.04603666461158466
0.046036347250529686
0.046036031303218275
0.04603571676965042
0.04603540364982612
0.04603509194374538
0.046034781651408195
0.046034472772814576
0.04603416530796451
0.046033859256858004
0.04603355461949506
0.04603325139587567
0.046032949585999836
0.04603264918986757
0.04603235020747885
0.0460320526388337
0.0460317564839321
0.04603146174277406
0.046031168415359584
0.04603087650168866
0.0460305860017613
0.046030296915577494
0.04603000924313724
0.04602972298444056
0.04602943813948743
0.046029154708277856
0.046028872690811844
0.04602859208708939
0.04602831289711049
0.04602803512087515
0.04602775875838337
0.04602748380963515
0.04602721027463049
0.04602693815336939
0.04602666744585184
0.04602639815207785
0.046026130272047425
0.046025863805760556
0.04602559875321724
0.04602533511441749
0.04602507288936129
0.046024812078048656
0.04602455268047958
0.04602429469665406
0.046024038126572096
0.04602378297023369
0.046023529227638846
0.04602327689878756
0.046023025983679834
0.04602277648231566
0.046022528394695054
0.046022281720818
0.04602203646068451
0.04602179261429457
0.04602155018164819
0.04602130916274537
0.046021069557586114
0.04602083136617041
0.04602059458849826
0.04602035922456968
0.04602012527438465
0.046019892737943185
0.046019661615245275
0.046019431906290924
0.046019203611080126
0.046018976729612894
0.046018751261889215
0.046018527207909096
0.04601830456767254
0.04601808334117954
0.04601786352843009
0.0460176451294242
0.04601742814416188
0.046017212572643115
0.0460169984148679
0.04601678567083625
0.04601657434054816
0.04601636442400363
0.046016155921202645
0.04601594883214523
0.04601574315683137
0.04601553889526107
0.04601533604743433
0.04601513461335115
0.04601493459301152
0.04601473598641545
0.046014538793562945
0.04601434301445399
0.0460141486490886
0.04601395569746677
0.046013764159588494
0.04601357403545377
0.04601338532506262
0.04601319802841502
0.04601301214551098
0.04601282767635049
0.04601264462093357
0.0460124629792602
0.046012282751330395
0.046012103937144146
0.046011926536701456
0.04601175055000232
0.04601157597704675
0.04601140281783473
0.04601123107236627
0.046011060740641374
0.046010891822660036
0.04601072431842225
0.046010558227928024
0.04601039355117736
0.04601023028817025
0.046010068438906704
0.04600990800338672
0.04600974898161028
0.04600959137357741
0.04600943517928809
0.04600928039874234
0.04600912703194014
0.0460089750788815
0.046008824539566416
0.04600867541399489
0.04600852770216693
0.046008381404082525
0.046008236519741674
0.04600809304914438
0.04600795099229066
0.04600781034918048
0.04600767111981387
0.046007533304190815
0.046007396902311315
0.046007261914175375
0.046007128339782995
0.046006996179134174
0.046006865432228906
0.046006736099067205
0.04600660817964906
0.04600648167397447
0.04600635658204344
0.04600623290385596
0.046006110639412054
0.0460059897887117
0.0460058703517549
0.04600575232854166
0.046005635719071986
0.04600552052334586
0.046005406741363296
0.04600529437312429
0.046005183418628845
0.04600507387787696
0.04600496575086863
0.04600485903760386
0.046004753738082646
0.04600464985230499
0.0460045473802709
0.046004446321980356
0.04600434667743338
0.04600424844662996
0.0460041516295701
0.046004056226253795
0.046003962236681045
0.04600386966085186
0.04600377849876623
0.04600368875042416
0.04600360041582565
0.0460035134949707
0.0460034279878593
0.04600334389449147
0.04600326121486719
0.04600317994898647
0.046003100096849305
0.046003021658455705
0.04600294463380566
0.04600286902289917
0.04600279482573624
0.046002722042316875
0.04600265067264107
0.04600258071670881
0.046002512174520116
0.04600244504607498
0.046002379331373404
0.04600231503041539
0.046002252143200924
0.04600219066973003
0.04600213061000268
0.04600207196401889
0.046002014731778666
0.046001958913282
0.04600190450852889
0.046001851517519336
0.04600179994025334
0.04600174977673091
0.04600170102695203
0.046001653690916716
0.046001607768624955
0.046001563260076754
0.04600152016527211
0.046001478484211024
0.0460014382168935
0.04600139936331953
0.04600136192348912
0.04600132589740227
0.046001291285058976
0.046001258086459246
0.04600122630160307
0.04600119593049045
0.04600116697312139
0.046001139429495894
0.04600111329961395
0.04600108858347557