0.049357059041900596
0.04935705147797899
0.04935704215245099
0.049357031065316616
0.04935701821657585
0.0493570036062287
0.04935698723427516
0.04935696910071524
0.04935694920554893
0.049356927548776235
0.04935690413039715
0.04935687895041168
0.049356852008819826
0.04935682330562159
0.04935679284081696
0.04935676061440595
0.04935672662638855
0.04935669087676477
0.049356653365534596
0.04935661409269804
0.049356573058255096
0.04935653026220577
0.04935648570455005
0.04935643938528795
0.04935639130441946
0.049356341461944585
0.04935628985786333
0.04935623649217568
0.049356181364881645
0.04935612447598123
0.04935606582547442
0.049356005413361236
0.04935594323964165
0.049355879304315696
0.04935581360738334
0.04935574614884461
0.049355676928699486
0.04935560594694798
0.04935553320359009
0.04935545869862581
0.049355382432055145
0.049355304403878086
0.04935522461409465
0.049355143062704825
0.049355059749708614
0.04935497467510602
0.049354887838897035
0.049354799241081666
0.049354708881659916
0.04935461676063177
0.04935452287799725
0.04935442723375633
0.049354329827909035
0.04935423066045535
0.049354129731395274
0.04935402704072882
0.04935392258845597
0.049353816374576746
0.04935370839909113
0.04935359866199913
0.049353487163300735
0.04935337390299596
0.049353258881084806
0.049353142097567256
0.04935302355244332
0.049352903245713
0.0493527811773763
0.04935265734743321
0.04935253175588373
0.04935240440272787
0.04935227528796562
0.04935214441159698
0.04935201177362196
0.04935187737404055
0.04935174121285276
0.049351603290058575
0.04935146360565801
0.04935132215965106
0.04935117895203772
0.049351033982817996
0.04935088725199188
0.049350738759559386
0.0493505885055205
0.049350436489875235
0.04935028271262358
0.04935012717376554
0.04934996987330111
0.0493498108112303
0.0493496499875531
0.04934948740226951
0.049349323055379535
0.04934915694688318
0.04934898907678043
0.0493488194450713
0.04934864805175579
0.04934847489683389
0.0493482999803056
0.04934812330217092
0.04934794486242986
0.04934776466108241
0.04934758269812858
0.04934739897356836
0.04934721348740175
0.04934702623962876
0.04934683723024939
0.04934664645926362
0.04934645392667147
0.04934625963247293
0.04934606357666801
0.0493458657592567
0.04934566618023901
0.049345464839614925
0.04934526173738446
0.04934505687354761
0.049344850248104366
0.04934464186105474
0.04934443171239873
0.04934421980213633
0.04934400613026755
0.04934379069679238
0.04934357350171082
0.04934335454502288
0.04934313382672855
0.04934291134682784
0.049342687105320734
0.049342461102207254
0.04934223333748738
0.04934200381116112
0.04934177252322847
0.049341539473689446
0.04934130466254403
0.049341068089792224
0.04934082975543403
0.049340589659469455
0.0493403478018985
0.049340104182721146
0.04933985880193741
0.04933961165954729
0.049339362755550786
0.049339112089947894
0.04933885966273861
0.04933860547392295
0.0493383495235009
0.049338091811472466
0.04933783233783764
0.04933757110259643
0.04933730810574884
0.04933704334729486
0.04933677682723449
0.04933650854556773
0.04933623850229459
0.049335966697415065
0.049335693130929156
0.04933541780283686
0.04933514071313817
0.0493348618618331
0.04933458124892164
0.049334298874403805
0.04933401473827957
0.04933372884054896
0.04933344118121196
0.04933315176026857
0.049332860577718796
0.04933256763356264
0.04933227292780009
0.04933197646043116
0.049331678231455844
0.049331378240874135
0.049331076488686045
0.04933077297489157
0.04933046769949071
0.04933016066248346
0.049329851863869824
0.049329541303649804
0.049329228981823396
0.049328914898390606
0.04932859905335143
0.04932828144670586
0.049327962078453906
0.04932764094859557
0.04932731805713085
0.04932699340405974
0.04932666698938224
0.04932633881309836
0.04932600887520809
0.04932567717571144
0.049325343714608394
0.04932500849189897
0.04932467150758316
0.04932433276166096
0.04932399225413237
0.0493236499849974
0.04932330595425605
0.0493229601619083
0.049322612607954175
0.049322263292393656
0.049321912215226756
0.04932155937645347
0.049321204776073796
0.04932084841408773
0.04932049029049529
0.04932013040529645
0.049319768758491235
0.04931940535007963
0.04931904018006164
0.049318673248437264
0.0493183045552065
0.04931793410036935
0.04931756188392582
0.049317187905875894
0.04931681216621959
0.049316434664956894
0.04931605540208781
0.04931567437761235
0.049315291591530495
0.049314907043842254
0.04931452073454763
0.04931413266364662
0.04931374283113923
0.04931335123702544
0.049312957881305276
0.04931256276397872
0.04931216588504578
0.04931176724450645
0.04931136684236074
0.04931096467860863
0.04931056075325015
0.04931015506628528
0.04930974761771402
0.04930933840753638
0.049308927435752346
0.04930851470236193
0.049308100207365126
0.04930768395076194
0.049307265932552365
0.0493068461527364
0.049306424611314056
0.04930600130828532
0.04930557624365021
0.0493051494174087
0.049304720829560805
0.04930429048010653
0.04930385836904587
0.04930342449637882
0.04930298886210538
0.04930255146622556
0.04930211230873935
0.04930167138964676
0.04930122870894778
0.04930078426664241
0.04930033806273065
0.049299890097212515
0.049299440370087995
0.04929898888135708
0.04929853563101978
0.0492980806190761
0.04929762384552603
0.049297165310369574
0.04929670501360673
0.049296242955237504
0.04929577913526189
0.04929531355367989
0.0492948462104915
0.04929437710569673
0.049293906239295575
0.049293433611288025
0.0492929592216741
0.04929248307045378
0.04929200515762708
0.04929152548319399
0.049291044047154516
0.04929056084950865
0.049290075890256406
0.04928958916939777
0.04928910068693275
0.04928861044286134
0.04928811843718355
0.049287624669899374
0.04928712914100881
0.04928663185051186
0.04928613279840852
0.0492856319846988
0.04928512940938269
0.049284625072460196
0.04928411897393131
0.04928361111379605
0.04928310149205439
0.04928259010870635
0.04928207696375193
0.049281562057191114
0.04928104538902391
0.04928052695925033
0.04928000676787036
0.049279484814884006
0.049278961100291264
0.049278435624092135
0.049277908386286616
0.049277379386874716
0.049276848625856434
0.04927631610323176
0.0492757818190007
0.04927524577316325
0.04927470796571942
0.049274168396669205
0.0492736270660126
0.04927308397374961
0.049272539119880235
0.04927199250440447
0.049271444127322324
0.04927089398863379
0.049270342088338866
0.04926978842643756
0.04926923300292987
0.049268675817815785
0.04926811687109532
0.04926755616276847
0.049266993692835236
0.04926642946129561
0.0492658634681496
0.0492652957133972
0.04926472619703842
0.04926415491907325
0.0492635818795017
0.04926300707832376
0.049262430515539433
0.049261852191148724
0.04926127210515162
0.04926069025754814
0.04926010664833826
0.049259521277522006
0.04925893414509937
0.04925834525107033
0.04925775459543492
0.04925716217819312
0.04925656799934493
0.04925597205889035
0.0492553743568294
0.04925477489316205
0.04925417366788832
0.0492535706810082
0.049252965932521695
0.0492523594224288
0.04925175115072952
0.04925114111742386
0.04925052932251181
0.04924991576599338
0.04924930044786856
0.04924868336813735
0.04924806452679976
0.04924744392385578
0.04924682155930541
0.049246197433148654
0.049245571545385516
0.049244943896016
0.04924431448504008
0.049243683312457785
0.04924305037826911
0.04924241568247403
0.04924177922507258
0.04924114100606474
0.04924050102545051
0.049239859283229895
0.0492392157794029
0.049238570513969515
0.04923792348692974
0.04923727469828358
0.04923662414803104
0.04923597183617211
0.049235317762706794
0.049234661927635086
0.049234004330957
0.049233344972672524
0.049232683852781664
0.049232020971284415
0.049231356328180785
0.049230689923470766
0.04923002175715436
0.04922935182923157
0.049228680139702385
0.049228006688566826
0.04922733147582487
0.049226654501476536
0.04922597576552182
0.049225295267960704
0.04922461300879321
0.04922392898801933
0.04922324320563907
0.049222555661652415
0.04922186635605937
0.04922117528885995
0.04922048246005414
0.049219787869641936
0.04921909151762335
0.04921839340399838
0.04921769352876703
0.04921699189192929
0.04921628849348516
0.04921558333343464
0.04921487641177774
0.04921416772851445
0.04921345728364478
0.049212745077168725
0.04921203110908628
0.04921131537939745
0.04921059788810223
0.04920987863520063
0.04920915762069264
0.049208434844578264
0.0492077103068575
0.049206984007530354
0.04920625594659682
0.049205526124056896
0.04920479453991059
0.0492040611941579
0.04920332608679882
0.049202589217833353
0.0492018505872615
0.04920111019508327
0.049200368041298646
0.049199624125907636
0.04919887844891024
0.049198131010306456
0.04919738181009629
0.049196630848279736
0.0491958781248568
0.04919512363982747
0.04919436739319175
0.049193609384949655
0.049192849615101175
0.0491920880836463
0.04919132479058504
0.0491905597359174
0.04918979291964337
0.049189024341762956
0.04918825400227615
0.04918748190118297
0.04918670803848339
0.04918593241417744
0.049185155028265086
0.04918437588074635
0.04918359497162124
0.049182812300889736
0.049182027868551845
0.049181241674607565
0.0491804537190569
0.04917966400189985
0.04917887252313642
0.049178079282766594
0.04917728428079039
0.049176484913461806
0.049175673688041814
0.04917486111822067
0.049174047203998386
0.04917323194537496
0.049172415342350374
0.04917159739492465
0.04917077810309778
0.049169957466869765
0.0491691354862406
0.049168312161210294
0.049167487491778836
0.04916666147794624
0.04916583411971249
0.04916500541707759
0.04916417537004155
0.04916334397860437
0.049162511242766035
0.049161677162526556
0.04916084173788593
0.04916000496884416
0.04915916685540124
0.049158327397557176
0.04915748659531197
0.04915664444866561
0.04915580095761811
0.04915495612216946
0.04915410994231967
0.04915326241806873
0.049152413549416636
0.049151563336363405
0.04915071177890903
0.0491498588770535
0.04914900463079683
0.04914814904013901
0.049147292105080044
0.04914643382561994
0.04914557420175868
0.04914471323349628
0.049143850920832725
0.04914298726376803
0.04914212226230219
0.0491412559164352
0.049140388226167064
0.04913951919149778
0.04913864881242736
0.04913777708895579
0.04913690402108307
0.0491360296088092
0.04913515385213419
0.04913427675105803
0.04913339830558073
0.04913251851570228
0.049131637381422684
0.04913075490274194
0.049129871079660055
0.04912898591217702
0.049128099400292835
0.04912721154400751
0.04912632234332104
0.049125431798233414
0.04912453990874465
0.04912364667485474
0.04912275209656368
0.04912185617387148
0.049120958906778124
0.04912006029528363
0.049119160339387985
0.04911825903909119
0.04911735639439326
0.04911645240529418
0.04911554707179395
0.04911464039389258
0.04911373237159006
0.04911282300488639
0.049111912293781576
0.049111000238275616
0.04911008683836851
0.04910917209406026
0.04910825600535086
0.04910733857224032
0.04910641979472863
0.04910549967281579
0.04910457820650181
0.049103655395786684
0.04910273124067041
0.049101805741152985
0.04910087889723442
0.04909995070891471
0.049099021176193844
0.04909809029907184
0.04909715807754869
0.04909622451162439
0.04909528960129895
0.049094353346572354
0.04909341574744462
0.049092476803915736
0.049091536515985704
0.04909059488365453
0.04908965190692221
0.04908870758578874
0.049087761920254123
0.04908681491031837
0.04908586655598146
0.04908491685724341
0.04908396581410421
0.04908301342656386
0.04908205969462237
0.04908110461827973
0.04908014819753595
0.04907919043239102
0.049078231322844945
0.04907727086889772
0.04907630907054935
0.049075345927799836
0.04907438144064918
0.049073415609097365
0.049072448433144414
0.04907147991279032
0.04907051004803507
0.04906953883887868
0.049068566285321136
0.049067592387362455
0.04906661714500262
0.04906564055824165
0.04906466262707952
0.04906368335151625
0.04906270273155184
0.049061720767186276
0.049060737458419566
0.04905975280525171
0.04905876680768271
0.04905777946571257
0.049056790779341275
0.049055800748568835
0.04905480937339525
0.04905381665382052
0.04905282258984464
0.04905182718146762
0.04905083042868944
0.049049832331510126
0.049048832889929665
0.04904783210394806
0.049046829973565305
0.0490458264987814
0.049044821679596354
0.04904381551601016
0.04904280800802282
0.049041799155634336
0.0490407889588447
0.049039777417653925
0.049038764532062
0.04903775030206893
0.04903673472767471
0.049035717808879345
0.04903469954568284
0.04903367993808518
0.04903265898608638
0.04903163668968643
0.049030613048885334
0.0490295880636831
0.04902856173407971
0.04902753406007518
0.0490265050416695
0.049025474678862674
0.0490244429716547
0.049023409920045585
0.049022375524035315
0.049021339783623906
0.04902030269881135
0.04901926426959765
0.0490182244959828
0.0490171833779668
0.049016140915549664
0.04901509710873138
0.04901405195751194
0.049013005461891364
0.049011957621869634
0.049010908437446765
0.04900985790862274
0.04900880603539758
0.04900775281777127
0.04900669825574381
0.04900564234931521
0.04900458509848546
0.04900352650325456
0.04900246656362252
0.049001405279589336
0.049000342651155
0.04899927867831952
0.04899821336108289
0.04899714669944512
0.0489960786934062
0.048995009342966134
0.04899393864812492
0.048992866608882565
0.048991793225239055
0.048990718497194406
0.04898964242474861
0.04898856500790167
0.048987486246653576
0.04898640614100434
0.048985324690953964
0.04898424189650243
0.04898315775764976
0.04898207227439594
0.048980985446740975
0.04897989727468486
0.048978807758227605
0.0489777168973692
0.04897662469210965
0.04897553114244895
0.048974436248387106
0.048973340009924114
0.048972242427059984
0.0489711434997947
0.04897004322812827
0.048968941612060696
0.048967838651591974
0.04896673434672211
0.048965628697451094
0.048964521703778935
0.04896341336570563
0.04896230368323118
0.04896119265635558
0.04896008028507884
0.04895896656940094
0.04895785150932191
0.04895673510484173
0.04895561735596039
0.04895449826267792
0.0489533778249943
0.04895225604290953
0.04895113291642362
0.048950008445536555
0.04894888263024835
0.048947755470559
0.048946626966468496
0.048945497117976855
0.04894436592508406
0.04894323338779012
0.048942099506095044
0.04894096427999881
0.048939827709501435
0.04893868979460291
0.04893755053530324
0.04893640993160243
0.048935267983500466
0.04893412469099736
0.048932980054093106
0.04893183407278771
0.04893068674708116
0.04892953807697347
0.048928388062464634
0.04892723670355465
0.048926084000243515
0.04892492995253124
0.04892377456041782
0.048922617823903246
0.04892145974298753
0.04892030031767067
0.04891913954795266
0.048917977433833505
0.04891681397531321
0.04891564917239176
0.04891448302506917
0.04891331553334543
0.04891214669722054
0.048910976516694515
0.048909804991767336
0.04890863212243901
0.04890745790870954
0.04890628235057892
0.04890510544804716
0.04890392720111426
0.0489027476097802
0.048901566674045
0.048900384393908654
0.048899200769371154
0.048898015800432515
0.04889682948709273
0.0488956418293518
0.04889445282720972
0.04889326248066649
0.048892070789722124
0.04889087775437661
0.04888968337462994
0.048888487650482135
0.04888729058193318
0.04888609216898308
0.04888489241163183
0.048883691309879435
0.04888248886372589
0.04888128507317121
0.04888007993821537
0.0488788734588584
0.04887766563510027
0.048876456466941
0.04887524595438058
0.048874034097419014
0.04887282089605631
0.04887160635029245
0.04887039046012745
0.0488691732255613
0.048867954646594006
0.048866734723225565
0.04886551345545598
0.04886429084328524
0.04886306688671336
0.048861841585740334
0.048860614940366164
0.04885938695059085
0.04885815761641438
0.04885692693783677
0.04885569491485801
0.048854461547478106
0.04885322683569706
0.04885199077951486
0.04885075337893152
0.04884951463394703
0.04884827454456139
0.04884703311077462
0.04884579033258669
0.04884454620999761
0.0488433007430074
0.04884205393161603
0.04884080577582352
0.04883955627562986
0.04883830543103505
0.0488370532420391
0.04883579970864201
0.04883454483084377
0.04883328860864438
0.04883203104204384
0.04883077213104216
0.04882951187563933
0.04882825027583536
0.04882698733163024
0.048825723043023975
0.04882445741001656
0.048823190432608
0.0488219221107983
0.04882065244458744
0.04881938143397545
0.0488181090789623
0.048816835379548014
0.048815560335732575
0.048814283947515996
0.048813006214898265
0.048811727137879395
0.04881044671645937
0.0488091649506382
0.04880788184041589
0.04880659738579243
0.048805311586767826
0.04880402444334207
0.048802735955515174
0.04880144612328713
0.04880015494665794
0.0487988624256276
0.04879756856019612
0.04879627335036349
0.048794976796129715
0.048793678897494794
0.04879237965445873
0.04879107906702151
0.04878977713518315
0.048788473858943644
0.04878716923830299
0.04878586327326119
0.04878455596381825
0.04878324730997415
0.04878193731172892
0.04878062596908253
0.048779313282035004
0.048777999250586325
0.04877668387473651
0.048775367154485536
0.04877404908983342
0.048772729680780155
0.04877140892732575
0.0487700868294702
0.0487687633872135
0.04876743860055565
0.04876611246949666
0.04876478499403652
0.04876345617417523
0.0487621260099128
0.048760794501249226
0.0487594616481845
0.048758127450718634
0.04875679190885162
0.04875545502258346
0.04875411679191415
0.04875277721684369
0.048751436297372094
0.04875009403349935
0.04874875042522545
0.048747405472550416
0.04874605917547423
0.0487447115339969
0.04874336254811842
0.0487420122178388
0.048740660543158024
0.04873930752407611
0.048737953160593046
0.048736597452708835
0.04873524040042348
0.04873388200373698
0.04873252226264933
0.04873116117716054
0.0487297987472706
0.04872843497297951
0.04872706985428728
0.0487257033911939
0.048724335583699374
0.0487229664318037
0.04872159593550689
0.048720224094808924
0.048718850909709815
0.048717476380209554
0.04871610050630815
0.04871472328800561
0.048713344725301914
0.04871196481819707
0.048710583566691085
0.04870920097078395
0.04870781703047567
0.04870643174576624
0.048705045116655674
0.04870365714314395
0.04870226782523109
0.04870087716291708
0.04869948515620192
0.048698091805085615
0.04869669710956817
0.048695301069649574
0.04869390368532983
0.04869250495660894
0.04869110488348691
0.04868970346596373
0.0486883007040394
0.04868689659771393
0.04868549114698731
0.048684084351859544
0.04868267621233063
0.04868126672840058
0.048679855900069374
0.04867844372733702
0.048677028015948455
0.04867560818457633
0.04867418770371203
0.04867276657335556
0.048671344793506904
0.048669922364166084
0.04866849928533309
0.048667075557007916
0.04866565117919057
0.048664226151881054
0.04866280047507936
0.04866137414878549
0.04865994717299945
0.04865851954772124
0.04865709127295085
0.04865566234868829
0.048654232774933553
0.04865280255168664
0.04865137167894756
0.0486499401567163
0.048648507984992866
0.04864707516377726
0.04864564169306948
0.04864420757286953
0.0486427728031774
0.0486413373839931
0.048639901315316626
0.048638464597147976
0.04863702722948715
0.04863558921233415
0.04863415054568898
0.04863271122955164
0.04863127126392212
0.04862983064880042
0.04862838938418655
0.04862694747008051
0.0486255049064823
0.04862406169339191
0.048622617830809345
0.048621173318734605
0.048619728157167696
0.04861828234610861
0.048616835885557354
0.04861538877551392
0.04861394101597831
0.04861249260695053
0.04861104354843058
0.04860959384041845
0.048608143482914146
0.048606692475917666
0.04860524081942902
0.04860378851344819
0.04860233555797519
0.04860088195301002
0.048599427698552675
0.04859797279460315
0.04859651724116146
0.04859506103822759
0.048593604185801546
0.04859214668388333
0.04859068853247294
0.04858922973157038
0.04858777028117564
0.04858631018128873
0.04858484943190964
0.048583388033038376
0.048581925984674944
0.048580463286819336
0.048578999939471554
0.048577535942631596
0.04857607129629947
0.04857460600047516
0.048573140055158684
0.04857167346035003
0.04857020621604921
0.04856873832225621
0.04856726977897104
0.04856580058619368
0.04856433074392417
0.04856286025216247
0.0485613891109086
0.04855991732016256
0.04855844487992434
0.04855697179019395
0.04855549805097138
0.04855402366225664
0.04855254862404973
0.048551072936350644
0.04854959659915938
0.048548119612475946
0.048546641976300334
0.04854516369063255
0.0485436847554726
0.04854220517082047
0.04854072493667616
0.04853924405303968
0.04853776251991103
0.0485362803372902
0.048534797505177196
0.04853331402357202
0.048531829892474676
0.04853034511188515
0.048528859681803455
0.048527373602229584
0.04852588687316354
0.04852439949460532
0.04852291146655493
0.048521422789012364
0.048519933461977624
0.04851844348545071
0.04851695285943162
0.04851546158392035
0.04851396965891692
0.04851247708442131
0.048510983860433524
0.04850948998695356
0.048507995463981435
0.04850650029151713
0.048505004469560645
0.04850350799811199
0.04850201087717117
0.04850051310673816
0.04849901468681299
0.04849751561739564
0.048496015898486115
0.048494515530084416
0.04849301451219054
0.0484915128448045
0.04849001052792628
0.048488507561555885
0.048487003945693316
0.04848549968033858
0.04848399476549166
0.04848248920115257
0.04848098298732131
0.04847947612399787
0.048477968611182254
0.04847646044887447
0.04847495163707451
0.04847344217578238
0.04847193206499807
0.04847042130472159
0.048468909894952936
0.04846739783569211
0.048465885126939105
0.04846437176869393
0.048462857760956574
0.04846134310372705
0.04845982779700535
0.048458311840791475
0.048456795235085434
0.04845527797988721
0.04845376007519681
0.048452241521014246
0.048450722317339504
0.048449202464172586
0.04844768196151349
0.04844616080936223
0.048444639007718795
0.048443116556583184
0.048441593455955397
0.048440069705835434
0.048438545306223296
0.04843702025711899
0.04843549455852251
0.04843396821043385
0.04843244121285302
0.04843091356578002
0.048429385269214836
0.048427856323157485
0.04842632672760796
0.048424796482566264
0.04842326558803239
0.04842173404400634
0.048420201850488113
0.04841866900747772
0.04841713551497515
0.048415601372980406
0.04841406658149349
0.0484125311405144
0.04841099505004313
0.048409458310079694
0.04840792092062408
0.04840638288167629
0.048404844193236325
0.04840330485530419
0.048401764867879886
0.0484002242309634
0.048398682944554745
0.04839714100865391
0.048395598423260903
0.04839405518837572
0.048392511303998374
0.04839096677012884
0.048389421586767144
0.04838787575391327
0.04838632927156722
0.048384782139729
0.0483832343583986
0.04838168592757603
0.048380136847261286
0.048378587117454366
0.04837703673815527
0.04837548570936401
0.04837393403108056
0.04837238170330495
0.04837082872603716
0.0483692750992772
0.04836772082302506
0.04836616589728075
0.04836461032204427
0.04836305409731561
0.048361497223094775
0.048359939699381765
0.04835838152617659
0.048356822703479234
0.048355263231289705
0.048353703109608
0.04835214233843413
0.048350580917768074
0.04834901884760985
0.04834745612795945
0.04834589275881688
0.04834432874018214
0.04834276407205521
0.04834119875443612
0.04833963278732485
0.04833806617072141
0.048336498904625796
0.048334930989038
0.04833336242395804
0.0483317932093859
0.04833022334532159
0.04832865283176511
0.048327081668716444
0.04832550985617561
0.048323937394142605
0.04832236428261742
0.048320790521600064
0.04831921611109054
0.048317641051088836
0.04831606534159496
0.04831448898260891
0.04831291197413068
0.04831133431616028
0.048309756008697705
0.04830817705174296
0.048306597445296036
0.048305017189356945
0.04830343628392567
0.04830185472900223
0.048300272524586615
0.048298689670678824
0.04829710616727886
0.04829552201438672
0.048293937212002404
0.04829235176012592
0.048290765658757256
0.04828917890789643
0.048287591507543415
0.048286003457698234
0.04828441475836087
0.04828282540953135
0.04828123541120964
0.04827964476339576
0.04827805346608971
0.048276461519291484
0.048274868923001084
0.04827327567721851
0.04827168178194376
0.04827008723717684
0.04826849204291774
0.04826689619916647
0.048265299705923026
0.048263702563187405
0.048262104770959616
0.04826050632923965
0.04825890723802751
0.048257307497323196
0.048255707107126705
0.048254106067438046
0.048252504378257205
0.048250902039584195
0.04824929905141902
0.04824769541376166
0.04824609112661212
0.04824448618997042
0.04824288060383654
0.048241274368210484
0.048239667483092254
0.048238059948481855
0.04823645176437928
0.04823484293078453
0.04823323344769761
0.04823162331511851
0.048230012533047234
0.04822840110148379
0.04822678902042817
0.04822517628988038
0.04822356290984041
0.04822194888030827
0.04822033420128395
0.04821871887276746
0.0482171028947588
0.04821548626725797
0.04821386899026495
0.04821225106377977
0.04821063248780241
0.04820901326233288
0.04820739338737117
0.04820577286291729
0.048204151688971235
0.04820252986553301
0.048200907392602604
0.048199284270180026
0.04819766049826527
0.04819603607685835
0.04819441100595925
0.04819278528556798
0.04819115891568453
0.04818953189630891
0.04818790422744112
0.048186275909081144
0.048184646941229
0.04818301732388469
0.0481813870570482
0.04817975614071953
0.048178124574898694
0.04817649235958568
0.048174859494780495
0.04817322598048314
0.0481715918166936
0.048169957003411895
0.048168321540638014
0.04816668542837196
0.048165048666613725
0.048163411255363324
0.04816177319462074
0.04816013448438599
0.04815849512465906
0.04815685511543996
0.04815521445672869
0.048153573148525246
0.04815193119082962
0.04815028858364183
0.04814864532696186
0.04814700142078971
0.048145356865125395
0.048143711659968905
0.04814206580532024
0.0481404193011794
0.04813877214754638
0.048137124344421196
0.048135475891803836
0.0481338267896943
0.04813217703809259
0.048130526636998704
0.04812887558641265
0.04812722388633442
0.048125571536764014
0.048123918537701434
0.04812226488914668
0.048120610591099754
0.04811895564356065
0.04811730004652937
0.04811564380000593
0.048113986903990304
0.0481123293584825
0.048110671163482534
0.04810901231899039
0.04810735282500607
0.04810569268152958
0.04810403188856091
0.04810237044610007
0.04810070835414706
0.04809904561270187
0.048097382221764504
0.048095718181334964
0.048094053491413255
0.04809238815199937
0.04809072216309331
0.04808905552469508
0.048087388236804675
0.0480857202994221
0.048084051712547336
0.04808238247618041
0.04808071259032131
0.04807904205497003
0.04807737087012658
0.04807569903579096
0.04807402655196316
0.04807235341864319
0.04807067963583104
0.04806900520352672
0.04806733012173023
0.04806565439044156
0.04806397800966072
0.0480623009793877
0.04806062329962251
0.04805894497036514
0.048057265991615604
0.0480555863633739
0.04805390608564001
0.048052225158413946
0.048050543581695714
0.048048861355485306
0.04804717847978272
0.04804549495458797
0.04804381077990104
0.04804212595572194
0.04804044048205066
0.04803875435888721
0.04803706758623158
0.048035380164083784
0.048033692092443805
0.04803200337131166
0.04803031400068734
0.04802862398057084
0.048026933310962173
0.04802524199186133
0.04802355002326831
0.048021857405183124
0.04802016413760576
0.048018470220536215
0.048016775653974504
0.04801508043792062
0.04801338457237456
0.04801168805733632
0.04800999089280591
0.04800829307878333
0.04800659461526857
0.04800489550226164
0.048003195739762534
0.04800149532777125
0.0479997942662878
0.04799809255531218
0.04799639019484438
0.0479946871848844
0.04799298352543225
0.04799127921648793
0.04798957425805143
0.04798786865012276
0.04798616239270191
0.0479844554857889
0.0479827479293837
0.047981039723486336
0.047979330868096796
0.04797762136321508
0.04797591120884119
0.04797420154439469
0.047972492600609776
0.04797078378137702
0.047969075086696414
0.04796736651656795
0.047965658070991644
0.04796394974996749
0.04796224155349548
0.04796053348157562
0.04795882553420792
0.04795711771139236
0.04795541001312895
0.0479537024394177
0.04795199499025859
0.04795028766565164
0.04794858046559683
0.04794687339009417
0.04794516643914367
0.04794345961274532
0.04794175291089911
0.04794004633360506
0.04793833988086316
0.047936633552673406
0.0479349273490358
0.04793322126995035
0.04793151531541705
0.0479298094854359
0.04792810378000689
0.04792639819913004
0.04792469274280534
0.04792298741103279
0.04792128220381239
0.04791957712114414
0.04791787216302804
0.04791616732946409
0.04791446262045229
0.047912758035992646
0.04791105357608515
0.047909349240729794
0.0479076450299266
0.04790594094367555
0.047904236981976656
0.04790253314482991
0.04790082943223531
0.04789912584419286
0.04789742238070257
0.04789571904176442
0.04789401582737843
0.04789231273754458
0.047890609772262886
0.047888906931533345
0.04788720421535595
0.0478855016237307
0.04788379915665761
0.04788209681413667
0.04788039459616787
0.04787869250275123
0.04787699053388674
0.0478752886895744
0.047873586969814204
0.04787188537460616
0.04787018390395027
0.04786848255784653
0.04786678133629494
0.0478650802392955
0.04786337926684821
0.04786167841895307
0.04785997769561008
0.047858277096819245
0.047856576622580554
0.04785487627289402
0.04785317604775963
0.04785147594717739
0.0478497759711473
0.04784807611966936
0.04784637639274358
0.04784467679036994
0.047842977312548454
0.047841277959279116
0.04783957873056193
0.04783787962639689
0.04783618064678401
0.047834481791723275
0.04783278306121469
0.04783108445525826
0.04782938597385397
0.04782768761700184
0.04782598938470185
0.04782429127695402
0.04782259329375834
0.04782089543511481
0.04781919770102342
0.047817500091484194
0.04781580260649711
0.04781410524606218
0.0478124080101794
0.047810710898848766
0.047809013912070285
0.04780731704984396
0.047805620312169776
0.04780392369904775
0.04780222721047787
0.04780053084646014
0.04779883460699456
0.04779713849208113
0.047795442501719854
0.047793746635910725
0.04779205089465375
0.04779035527794892
0.047788659785796245
0.047786964418195715
0.04778526917514734
0.04778357405665112
0.04778187906270704
0.04778018419331512
0.04777848944847534
0.04777679482818772
0.04777510033245224
0.04777340596126892
0.04777171171463774
0.047770017592558715
0.047768323595031845
0.04776662972205712
0.04776493597363455
0.047763242349764125
0.047761548850445854
0.047759855475679736
0.047758162225465764
0.04775646909980394
0.04775477609869427
0.04775308322213675
0.047751390470131376
0.04774969784267816
0.04774800533977709
0.04774631296142817
0.0477446207076314
0.04774292857838678
0.047741236573694314
0.047739544693553994
0.04773785293796583
0.04773616130692981
0.04773446980044594
0.04773277841851423
0.04773108716113466
0.047729396028307246
0.04772770502003198
0.047726014136308864
0.047724323377137896
0.04772263274251908
0.047720942232452414
0.0477192518469379
0.04771756158597554
0.04771587144956532
0.04771418143770726
0.047712491550401345
0.04771080178764758
0.04770911214944597
0.047707422635796505
0.047705733246699196
0.04770404398215403
0.047702354842161024
0.04770066582672016
0.04769897693583145
0.04769728816949489
0.04769559952771048
0.04769391101047822
0.04769222261779811
0.04769053434967015
0.04768884620609434
0.04768715818707068
0.047685470292599175
0.04768378252267982
0.047682094877312606
0.04768040735649755
0.04767871996023464
0.047677032688523885
0.04767534554136528
0.04767365851875882
0.047671971620704516
0.04767028484720236
0.04766859819825235
0.0476669116738545
0.04766522527400879
0.04766353899871524
0.047661852847973835
0.04766016682178458
0.047658480920147475
0.04765679514306252
0.04765510949052972
0.04765342396254907
0.04765173855912056
0.047650053280244214
0.04764836812592001
0.04764668309614796
0.04764499819092806
0.047643313410260305
0.0476416287541447
0.047639944222581256
0.047638259815569954
0.047636575533110806
0.047634891375203804
0.047633207341848956
0.047631523433046254
0.047629839648795705
0.04762815598909731
0.04762647245395106
0.047624789043356965
0.047623105757315015
0.04762142259582522
0.04761973955888757
0.04761805664650207
0.04761637385866873
0.04761469119538753
0.04761300865665849
0.04761132624248159
0.04760964395285685
0.04760796178778425
0.04760627974726381
0.04760459783129552
0.04760291603987937
0.047601234373015375
0.04759955283070353
0.04759787141294384
0.0475961901197363
0.04759450895108091
0.047592827906977664
0.04759114698742657
0.04758946619242763
0.04758778552198084
0.047586104976086195
0.04758442455474371
0.04758274425795337
0.04758106408571518
0.04757938403802914
0.04757770411489525
0.04757602431631351
0.04757434464228392
0.047572665092806485
0.04757098566788119
0.04756930636750806
0.04756762719168707
0.04756594814041823
0.04756426921370154
0.04756259041153701
0.04756091173392462
0.047559233180864385
0.0475575547523563
0.04755587644840036
0.04755419826899658
0.047552520214144946
0.04755084228384546
0.04754916447809813
0.04754748679690294
0.04754580924025991
0.04754413180816902
0.04754245450063029
0.04754077731764371
0.04753910025920927
0.047537423325327
0.04753574651599686
0.047534069831218884
0.04753239327099305
0.04753071683531937
0.04752904052419784
0.047527364337628455
0.047525688275611225
0.04752401233814615
0.047522336525233216
0.04752066083687244
0.04751898527306381
0.04751730983380733
0.047515634519103005
0.047513959328950826
0.0475122842633508
0.04751060932230292
0.04750893450580719
0.04750725981386362
0.04750558524647219
0.047503910803632914
0.04750223648534579
0.047500562291610815
0.04749888822242799
0.047497214277797316
0.04749554045771879
0.047493866762192416
0.04749219319121819
0.047490519744796116
0.047488846422926195
0.04748717322560842
0.047485500152842794
0.04748382720462933
0.047482154380968
0.04748048168185883
0.04747880910730181
0.047477136657296935
0.047475464331844214
0.047473792130943646
0.047472120054595224
0.047470448102798955
0.04746877627555483
0.047467104572862864
0.04746543299472305
0.04746376154113538
0.04746209021209986
0.04746041900761649
0.04745874792768527
0.0474570769723062
0.047455406141479285
0.04745373543520452
0.047452064853481905
0.047450394396311435
0.04744872406369312
0.047447053855626954
0.04744538377211294
0.04744371381315107
0.04744204397874136
0.0474403742688838
0.04743870468357838
0.047437035222825115
0.047435365886624004
0.04743369667497504
0.04743202758787823
0.04743035862533356
0.04742868978734105
0.04742702107390069
0.04742535248501248
0.04742368402067641
0.0474220156808925
0.04742034746566074
0.04741867937498113
0.04741701140885367
0.04741534356727836
0.0474136758502552
0.04741200825778419
0.04741034078986533
0.04740867344649862
0.04740700622768406
0.04740533913342165
0.0474036721637114
0.04740200531855329
0.04740033859794733
0.04739867200189352
0.04739700553039187
0.04739533918344236
0.047393672961045005
0.0473920068631998
0.04739034088990674
0.04738867504116584
0.047387009316977084
0.047385343717340475
0.047383678242256026
0.04738201289172372
0.04738034766574357
0.047378682564315565
0.04737701758743971
0.047375352735116005
0.047373688007344456
0.04737202340412505
0.0473703589254578
0.0473686945713427
0.04736703034177975
0.047365366236768944
0.04736370225631029
0.047362038400403796
0.047360374669049445
0.04735871106224725
0.047357047579997195
0.0473553842222993
0.047353720989153546
0.04735205788055995
0.047350394896518495
0.047348732037029204
0.04734706930209205
0.04734540669170705
0.04734374420587421
0.04734208184459351
0.04734041960786496
0.04733875749568857
0.04733709550806432
0.04733543364499223
0.04733377190647228
0.04733211029250448
0.04733044880308884
0.04732878743822535
0.047327126197914
0.04732546508215481
0.04732380409094777
0.04732214322429287
0.047320482482190125
0.04731882186463954
0.047317161371641096
0.0473155010031948
0.04731384075930066
0.047312180639958665
0.04731052064516883
0.047308860774931134
0.04730720102924559
0.0473055414081122
0.04730388191153097
0.04730222253950188
0.047300563292024936
0.047298904169100146
0.04729724517072751
0.04729558629690702
0.047293927547638684
0.047292268922922494
0.04729061042275846
0.04728895204714657
0.04728729379608683
0.047285635669579246
0.04728397766762381
0.047282319790220524
0.047280662037369386
0.0472790044090704
0.047277346905323564
0.04727568952612888
0.04727403227148635
0.04727237514139596
0.04727071813585773
0.047269061254871646
0.047267404498437714
0.04726574786655593
0.047264091359226296
0.04726243497644882
0.047260778718223484
0.0472591225845503
0.04725746657542927
0.047255810690860385
0.04725415493084366
0.04725249929537908
0.047250843784466645
0.047249188398106365
0.04724753313629824
0.04724587799904226
0.04724422298633843
0.04724256809818675
0.04724091333458722
0.04723925869553984
0.04723760418104461
0.04723594979110154
0.04723429552571061
0.047232641384871835
0.047230987368585206
0.04722933347685073
0.0472276797096684
0.047226026067038226
0.047224372548960204
0.04722271915543433
0.0472210658864606
0.04721941822726931
0.047217772641062354
0.04721612785884071
0.04721448388060439
0.04721284070635338
0.04721119833608769
0.047209556769807315
0.04720791600751226
0.047206276049202515
0.04720463689487809
0.04720299854453898
0.04720136099818519
0.047199724255816713
0.04719808831743356
0.04719645318303571
0.04719481885262319
0.04719318532619598
0.04719155260375408
0.0471899206852975
0.04718828957082624
0.0471866592603403
0.047185029753839675
0.04718340105132436
0.047181773152794364
0.04718014605824969
0.04717851976769033
0.04717689428111628
0.04717526959852755
0.04717364571992414
0.047172022645306046
0.047170400374673266
0.0471687789080258
0.047167158245363654
0.04716553838668683
0.04716391933199531
0.04716230108128912
0.04716068363456823
0.04715906699183267
0.047157451153082425
0.047155836118317494
0.04715422188753787
0.04715260846074358
0.0471509958379346
0.04714938401911093
0.04714777300427258
0.04714616279341955
0.04714455338655183
0.047142944783669434
0.04714133698477235
0.04713972998986058
0.04713812379893413
0.047136518411993
0.04713491382903718
0.047133310050066685
0.0471317070750815
0.04713010490408163
0.04712850353706708
0.04712690297403784
0.047125303214993926
0.047123704259935326
0.047122106108862034
0.047120508761774066
0.04711891221867141
0.04711731647955408
0.04711572154442206
0.04711412741327536
0.04711253408611397
0.0471109415629379
0.04710934984374714
0.04710775892854171
0.04710616881732159
0.047104579510086786
0.0471029910068373
0.04710140330757313
0.04709981641229427
0.04709823032100073
0.04709664503369251
0.047095060550369605
0.04709347687103201
0.04709189399567974
0.04709031192431278
0.047088730656931144
0.04708715019353482
0.047085570534123815
0.047083991678698124
0.04708241362725775
0.04708083637980269
0.047079259936332954
0.047077684296848527
0.04707610946134942
0.047074535429835626
0.04707296220230715
0.047071389778763996
0.047069818159206155
0.04706824734363362
0.04706667733204642
0.047065108124444525
0.04706353972082795
0.047061972121196685
0.047060405325550746
0.047058839333890115
0.04705727414621481
0.04705570976252481
0.04705414618282013
0.04705258340710077
0.04705102143536673
0.047049460267618
0.047047899903854586
0.047046340344076495
0.047044781588283714
0.04704322363647625
0.047041666488654106
0.04704011014481728
0.04703855460496576
0.047036999869099566
0.04703544593721869
0.04703389280932312
0.047032340485412875
0.047030788965487944
0.047029238249548334
0.047027688337594034
0.04702613922962505
0.04702459092564139
0.04702304342564304
0.047021496729630005
0.04701995083760229
0.04701840574955989
0.04701686146550281
0.04701531798543104
0.04701377530934459
0.047012233437243464
0.047010692369127645
0.04700915210499715
0.04700761264485196
0.047006073988692096
0.04700453613651754
0.04700299908832831
0.04700146284412439
0.04699992740390579
0.0469983927676725
0.04699685893542454
0.046995325907161885
0.046993793682884547
0.04699226226259253
0.046990731646285824
0.04698920183396444
0.04698767282562837
0.04698614462127762
0.046984617220912184
0.04698309062453206
0.04698156483213726
0.04698003984372777
0.046978515659303596
0.046976992278864746
0.046975469702411204
0.046973947929942986
0.046972426961460076
0.04697090679696249
0.04696938743645022
0.04696786887992326
0.04696635112738162
0.0469648341788253
0.04696331803425429
0.046961802693668606
0.04696028815706823
0.046958774424453176
0.04695726149582343
0.04695574937117901
0.0469542380505199
0.04695272753384611
0.04695121782115764
0.04694970891245448
0.04694820080773664
0.04694669350700411
0.0469451870102569
0.04694368131749501
0.04694217642871843
0.046940672343927174
0.04693916906312123
0.04693766658630061
0.04693616491346529
0.0469346640446153
0.04693316397975062
0.046931664718871266
0.04693016626197722
0.04692866860906849
0.04692717176014508
0.046925675715206984
0.04692418047425421
0.04692268603728675
0.0469211924043046
0.04691969957530777
0.046918207550296256
0.04691671632927006
0.046915225912229186
0.04691373629917362
0.04691224749010337
0.046910759485018445
0.04690927228391883
0.04690778588680453
0.046906300293675554
0.046904815504531884
0.04690333151937354
0.046901848338200505
0.04690036596101279
0.0468988843878104
0.04689740361859331
0.046895923653361545
0.0468944444921151
0.04689296613485396
0.04689148858157815
0.04689001183228765
0.04688853588698246
0.046887060745662595
0.046885586408328045
0.04688411287497882
0.0468826401456149
0.046881168220236295
0.04687969709884301
0.046878226781435044
0.04687675726801239
0.046875288558575055
0.04687382065312304
0.04687235355165634
0.04687088725417495
0.04686942176067888
0.04686795707116813
0.04686649318564269
0.04686503010410257
0.04686356782654777
0.04686210635297828
0.04686064568339411
0.04685918581779525
0.04685772675618172
0.0468562684985535
0.04685481104491059
0.046853354395253004
0.04685189854958073
0.046850443507893774
0.04684898927019214
0.046847535836475815
0.04684608320674481
0.04684463138099912
0.04684318035923875
0.04684173014146369
0.04684028072767395
0.046838832117869524
0.046837384312050416
0.04683593731021663
0.046834491112368155
0.046833045718504995
0.04683160112862715
0.04683015734273463
0.046828714360827424
0.04682727218290553
0.04682583080896895
0.046824390239017695
0.04682295047305175
0.046821511511071126
0.046820073353075815
0.04681863599906582
0.04681719944904115
0.046815763703001785
0.046814328760947745
0.04681289462287901
0.046811461288795604
0.04681002875869751
0.04680859703258473
0.046807166110457266
0.04680573599231513
0.0468043066781583
0.04680287816798678
0.046801450461800585
0.04680002355959971
0.046798597461384144
0.0467971721671539
0.046795747676908965
0.04679432399064935
0.04679290110837506
0.046791479030086076
0.04679005775578241
0.04678863728546406
0.04678721761913104
0.04678579875678332
0.04678438069842092
0.04678296344404384
0.04678154699365208
0.046780131347245624
0.04677871650482449
0.04677730246638868
0.04677588923193818
0.046774476801472994
0.04677306517499313
0.046771654352498575
0.046770244333989346
0.046768835119465425
0.04676742670892683
0.04676601910237354
0.04676461229980557
0.04676320630122292
0.04676180110662559
0.04676039671601357
0.04675899312938687
0.04675759034674548
0.04675618836808941
0.046754787193418655
0.04675338682273322
0.0467519872560331
0.0467505884933183
0.046749190534588814
0.046747793379844645
0.046746397029085784
0.04674500148231225
0.046743606739524025
0.04674221280072113
0.04674081966590354
0.04673942733507126
0.04673803580822431
0.04673664508536267
0.04673525516648635
0.04673386605159534
0.04673247774068965
0.04673109023376928
0.04672970353083422
0.04672831763188448
0.046726932536920056
0.046725548245940954
0.04672416475894716
0.04672278207593868
0.04672140019691553
0.04672001912187769
0.04671863885082516
0.04671725938375795
0.04671588072067606
0.046714502861579486
0.04671312580646823
0.04671174955534228
0.046710374108201655
0.04670899946504635
0.04670762562587635
0.04670625259069168
0.046704880359492315
0.04670350893227827
0.04670213830904955
0.04670076848980614
0.04669939947454804
0.046698031263275264
0.0466966638559878
0.046695297252685654
0.04669393145336883
0.046692566458037314
0.04669120226669112
0.04668983887933024
0.04668847629595468
0.04668711451656443
0.0466857535411595
0.04668439336973989
0.04668303400230559
0.04668167543885661
0.046680317679392944
0.04667896072391459
0.046677604572421566
0.04667624922491385
0.04667489468139145
0.04667354094185437
0.04667218800630261
0.04667083587473615
0.04666948454715502
0.0466681340235592
0.04666678430394871
0.046665435388323524
0.046664087276683655
0.04666273996902911
0.04666139346535987
0.046660047765675956
0.04665870286997735
0.04665735877826407
0.0466560154905361
0.04665467300679345
0.04665333132703611
0.04665199045126409
0.046650650379477396
0.04664931111167601
0.046647972647859935
0.046646634988029186
0.046645298132183745
0.04664396208032363
0.046642626832448825
0.04664129238855934
0.04663995874865517
0.04663862591273631
0.046637293880802774
0.04663596265285455
0.04663463222889165
0.04663330260891406
0.046631973792921784
0.04663064578091483
0.046629318572893194
0.04662799216885687
0.04662666656880586
0.04662534177274017
0.0466240177806598
0.046622694592564747
0.046621372208455004
0.04662005062833058
0.04661872985219147
0.04661740988003768
0.04661609071186921
0.046614772347686045
0.046613454787488205
0.04661213803127568
0.04661082207904847
0.04660950693080658
0.04660819258655
0.04660687904627874
0.0466055663099928
0.046604254377692174
0.04660294324937686
0.04660163292504687
0.046600323404702194
0.04659901468834283
0.046597706775968785
0.04659639966758006
0.046595093363176646
0.04659378786275855
0.04659248316632578
0.04659117927387831
0.046589876185416164
0.04658857390093934
0.04658727242044782
0.04658597174394163
0.04658467187142075
0.04658337280288519
0.04658207453833493
0.04658077707777001
0.046579480421190395
0.046578184568596095
0.04657688951998711
0.04657559527536345
0.0465743018347251
0.046573009198072064
0.04657171736540435
0.046570426336721954
0.04656913611202487
0.04656784669131311
0.04656655807458666
0.04656527026184552
0.046563983253089705
0.046562697092917285
0.04656142043335743
0.04656014505977897
0.04655887097218191
0.04655759817056623
0.04655632665493196
0.04655505642527907
0.046553787481607586
0.04655251982391749
0.046551253452208785
0.04654998836648148
0.04654872456673557
0.04654746205297104
0.04654620082518792
0.046544940883386184
0.046543682227565844
0.0465424248577269
0.046541168773869344
0.04653991397599319
0.04653866046409843
0.04653740823818506
0.04653615729825308
0.046534907644302494
0.04653365927633331
0.046532412194345514
0.04653116639833911
0.046529921888314105
0.04652867866427049
0.046527436726208266
0.04652619607412744
0.04652495670802801
0.04652371862790997
0.046522481833773326
0.046521246325618076
0.04652001210344422
0.04651877916725175
0.04651754751704068
0.04651631715281101
0.04651508807456273
0.04651386028229584
0.046512633776010344
0.04651140855570624
0.04651018462138353
0.04650896197304222
0.0465077406106823
0.04650652053430378
0.046505301743906644
0.04650408423949091
0.04650286802105656
0.04650165308860361
0.04650043944213205
0.04649922708164189
0.04649801600713312
0.046496806218605746
0.04649559771605976
0.04649439049949518
0.04649318456891198
0.04649197992431018
0.04649077656568977
0.04648957449305076
0.04648837370639314
0.046487174205716915
0.04648597599102208
0.04648477906230865
0.046483583419576605
0.04648238906282595
0.0464811959920567
0.04648000420726883
0.046478813708462366
0.04647762449563729
0.04647643656879361
0.046475249927931325
0.04647406457305043
0.04647288050415093
0.04647169772123282
0.04647051622429611
0.046469336013340794
0.046468157088366865
0.046466979449374335
0.0464658030963632
0.04646462802933345
0.04646345424828511
0.04646228175321815
0.046461110544132586
0.04645994062102842
0.04645877198390565
0.046457604632764264
0.04645643856760428
0.046455273788425684
0.04645411029522849
0.04645294808801268
0.046451787166778266
0.04645062753152525
0.04644946918225363
0.04644831211896339
0.04644715634165456
0.046446001850327115
0.046444848644981065
0.046443696725616414
0.04644254609223315
0.04644139674483128
0.04644024868341081
0.04643910190797173
0.046437956418514045
0.04643681221503775
0.04643566929754285
0.046434527666029346
0.04643338732049723
0.04643224826094652
0.04643111048737719
0.046429973999789265
0.04642883879818273
0.04642770488255759
0.046426572252913835
0.046425440909251485
0.04642431085157052
0.04642318207987096
0.04642205459415278
0.046420928394416
0.04641980348066062
0.04641867985288663
0.046417557511094026
0.046416436455282824
0.04641531668545301
0.0464141982016046
0.046413081003737575
0.04641196509185194
0.04641085046594771
0.046409737126024864
0.04640862507208342
0.04640751430412336
0.046406404822144705
0.04640529662614744
0.04640418971613156
0.046403084092097084
0.046401979754044
0.04640087670197231
0.04639977493588201
0.04639867445577311
0.0463975752616456
0.04639647735349948
0.04639538073133476
0.046394285395151426
0.04639319134494949
0.04639209858072895
0.046391007102489806
0.04638991691023205
0.04638882800395569
0.046387740383660725
0.04638665404934715
0.046385569001014974
0.04638448523866419
0.0463834027622948
0.046382321571906804
0.0463812416675002
0.04638016304907499
0.04637908571663117
0.04637800967016875
0.04637693490968772
0.04637586143518809
0.04637478924666985
0.046373718344133
0.04637264872757755
0.04637158039700349
0.046370513352410825
0.04636944759379955
0.04636838312116967
0.04636731993452119
0.0463662580338541
0.046365197419168405
0.0463641380904641
0.04636308004774119
0.04636202329099968
0.04636096782023955
0.046359913635460825
0.04635886073666349
0.04635780912384755
0.046356758797013
0.04635570975615985
0.04635466200128809
0.04635361553239773
0.04635257034948876
0.04635152645256118
0.046350483841615
0.046349442516650206
0.04634840247766681
0.04634736372466481
0.0463463262576442
0.046345290076604984
0.04634425518154717
0.046343221572470734
0.046342189249375706
0.04634115821226206
0.046340128461129816
0.04633909999597897
0.04633807281680951
0.04633704692362144
0.046336022316414774
0.046334998995189496
0.046333976959945615
0.046332956210683125
0.046331936747402026
0.046330918570102325
0.04632990167878402
0.0463288860734471
0.04632787175409159
0.046326858720717456
0.04632584697332472
0.04632483651191339
0.04632382733648344
0.04632281944703489
0.04632181284356773
0.04632080752608197
0.046319803494577594
0.04631880074905462
0.04631779928951304
0.04631679911595285
0.04631580022837405
0.046314802626776654
0.046313806311160645
0.046312811281526034
0.046311817537872814
0.046310825080200985
0.04630983390851055
0.04630884402280151
0.04630785542307387
0.04630686810932762
0.04630588208156276
0.0463048973397793
0.04630391388397723
0.04630293171415655
0.04630195083031727
0.04630097123245938
0.046299992920582886
0.04629901589468779
0.04629804015477408
0.046297065700841765
0.046296092532890847
0.04629512065092132
0.04629415005493319
0.04629318074492645
0.04629221272090111
0.04629124598285716
0.0462902805307946
0.04628931636471344
0.046288353484613666
0.04628739189049529
0.04628643158235831
0.046285472560202726
0.04628451482402853
0.04628355837383573
0.04628260320962432
0.04628164933139431
0.04628069673914569
0.046279745432878466
0.04627879541259263
0.046277846678288194
0.046276899229965154
0.046275953067623506
0.04627500819126325
0.04627406460088439
0.04627312229648692
0.04627218127807084
0.04627124154563616
0.046270303099182876
0.04626936593871098
0.04626843006422048
0.04626749547571137
0.04626656217318366
0.046265630156637344
0.04626469942607242
0.046263769981488886
0.04626284182288675
0.046261914950266006
0.04626098936362666
0.0462600650629687
0.04625914204829214
0.04625822031959697
0.0462572998768832
0.046256380720150814
0.04625546284939983
0.046254546264630235
0.046253630965842035
0.04625271695303523
0.04625180422620982
0.0462508927853658
0.04624998263050318
0.04624907376162195
0.046248166178722114
0.04624725988180367
0.04624635487086662
0.046245451145910964
0.0462445487069367
0.046243647553943834
0.04624274768693236
0.04624184910590228
0.046240951810853595
0.0462400558017863
0.0462391610787004
0.0462382676415959
0.046237375490472785
0.04623648462533107
0.046235595046170745
0.046234706752991815
0.04623381974579428
0.04623293402457814
0.04623204958934339
0.04623116644009004
0.046230284576818076
0.046229403999527505
0.04622852470821833
0.046227646702890555
0.04622676998354417
0.04622589455017918
0.04622502040279558
0.046224147541393375
0.04622327596597256
0.04622240567653314
0.046221536673075124
0.046220668955598496
0.04621980252410326
0.04621893737858942
0.04621807351905697
0.04621721094550591
0.04621634965793625
0.04621548965634799
0.04621463094074112
0.046213773511115636
0.046212917367471545
0.04621206250980886
0.04621120893812756
0.046210356652427655
0.04620950565270914
0.046208655938972026
0.04620780751121631
0.046206960369441975
0.04620611451364904
0.0462052699438375
0.046204426660007354
0.0462035846621586
0.04620274395029124
0.04620190452440527
0.0462010663845007
0.04620022953057752
0.04619939396263574
0.04619855968067535
0.04619772668469635
0.04619689497469875
0.046196064550682536
0.04619523541264772
0.0461944075605943
0.04619358099452227
0.046192755714431634
0.04619193172032239
0.046191109012194545
0.04619028759004809
0.04618946745388303
0.04618864860369937
0.0461878310394971
0.046187014761276214
0.046186199769036734
0.046185386062778645
0.04618457364250195
0.04618376250820664
0.04618295265989273
0.04618214409756022
0.0461813368212091
0.04618053083083937
0.046179726126451034
0.04617892270804409
0.04617812057561855
0.046177319729174396
0.046176520168711634
0.04617572189423027
0.046174924905730295
0.04617412920321172
0.046173334786674534
0.04617254165611875
0.04617174981154435
0.046170959252951345
0.04617016998033974
0.04616938199370953
0.0461685952930607
0.04616780987839327
0.04616702574970724
0.0461662429070026
0.04616546135027935
0.0461646810795375
0.04616390209477705
0.04616312439599798
0.046162347983200305
0.04616157285638403
0.04616079901554915
0.046160026460695655
0.04615925519182356
0.046158485208932856
0.04615771651202355
0.046156949101095635
0.04615618297614912
0.04615541813718399
0.046154654584200254
0.046153892317197916
0.04615313133617697
0.04615237164113742
0.04615161323207926
0.0461508561090025
0.04615010027190713
0.04614934572079315
0.04614859245566057
0.046147840476509376
0.04614708978333958
0.04614634037615118
0.04614559225494417
0.046144845419718555
0.04614409987047434
0.04614335560721151
0.04614261262993008
0.046141870938630036
0.04614113053331139
0.04614039141397414
0.046139653580618285
0.04613891703324382
0.04613818177185075
0.04613744779643907
0.04613671510700879
0.0461359837035599
0.046135253586092405
0.046134524754606304
0.0461337972091016
0.04613307094957828
0.04613234597603637
0.04613162228847584
0.046130899886896705
0.04613017877129897
0.046129458941682626
0.04612874039804767
0.04612802314039412
0.04612730716872195
0.04612659248303118
0.0461258790833218
0.046125166969593824
0.046124456141847237
0.04612374660008204
0.04612303834429824
0.04612233137449583
0.04612162569067482
0.0461209212928352
0.046120218180976974
0.04611951635510014
0.046118817681191596
0.04611812762057935
0.04611743909157978
0.046116752094192914
0.04611606662841874
0.04611538269425725
0.04611470029170846
0.04611401942077235
0.046113340081448934
0.04611266227373821
0.04611198599764019
0.046111311253154846
0.0461106380402822
0.04610996635902224
0.04610929620937497
0.0461086275913404
0.04610796050491851
0.04610729495010932
0.04610663092691282
0.046105968435329006
0.04610530747535789
0.046104648046999465
0.046103990150253724
0.04610333378512068
0.04610267895160033
0.04610202564969266
0.04610137387939769
0.04610072364071541
0.04610007493364582
0.04609942775818892
0.04609878211434471
0.046098138002113195
0.04609749542149437
0.04609685437248824
0.0460962148550948
0.046095576869314044
0.04609494041514598
0.046094305492590616
0.046093672101647935
0.04609304024231795
0.04609240991460065
0.04609178111849605
0.046091153854004134
0.046090528121124914
0.046089903919858385
0.04608928125020455
0.04608866011216339
0.04608804050573494
0.04608742243091917
0.0460868058877161
0.04608619087612571
0.04608557739614802
0.04608496544778302
0.046084355031030706
0.04608374614589109
0.04608313879236416
0.046082532970449924
0.046081928680148376
0.046081325921459526
0.04608072469438336
0.04608012499891989
0.04607952683506911
0.04607893020283102
0.046078335102205624
0.04607774153319291
0.0460771494957929
0.046076558990005574
0.046075970015830935
0.04607538257326899
0.04607479666231974
0.04607421228298318
0.04607362943525931
0.046073048119148134
0.04607246833464965
0.04607189008176386
0.04607131336049075
0.046070738170830336
0.04607016451278261
0.046069592386347585
0.04606902179152524
0.0460684527283156
0.04606788519671864
0.046067319196734374
0.046066754728362795
0.046066191791603914
0.046065630386457716
0.04606507051292422
0.04606451217100341
0.04606395536069529
0.04606340008199986
0.046062846334917126
0.04606229411944708
0.046061743435589726
0.04606119428334506
0.04606064666271309
0.04606010057369381
0.046059556016287216
0.046059012990493316
0.04605847149631211
0.046057931533743594
0.04605739310278777
0.046056856203444636
0.0460563208357142
0.04605578699959644
0.046055254695091384
0.04605472392219901
0.046054194680919334
0.04605366697125235
0.046053140793198055
0.046052616146756445
0.04605209303192753
0.04605157144871131
0.04605105139710778
0.04605053287711694
0.04605001588873879
0.04604950043197333
0.04604898650682057
0.046048474113280495
0.04604796325135311
0.046047453921038414
0.04604694612233642
0.046046439855247104
0.04604593511977049
0.04604543191590656
0.04604493024365532
0.04604443010301677
0.04604393149399092
0.04604343441657776
0.04604293887077728
0.0460424448565895
0.046041952374014414
0.046041461423052016
0.04604097200370231
0.04604048411596529
0.04603999775984097
0.04603951293532933
0.04603902964243039
0.046038547881144136
0.04603806765147058
0.04603758895340971
0.04603711178696153
0.04603663615212605
0.04603616204890325
0.04603568947729314
0.04603521843729573
0.04603474892891101
0.046034280952138976
0.04603381450697964
0.04603334959343299
0.04603288621149903
0.046032424361177764
0.04603196404246919
0.046031505255373306
0.046031047999890114
0.04603059227601961
0.0460301380837618
0.04602968542311668
0.04602923429408425
0.046028784696664514
0.04602833663085747
0.04602789009666312
0.04602744509408145
0.04602700162311248
0.0460265596837562
0.046026119276012606
0.04602568039988171
0.046025243055363506
0.046024807242457985
0.04602437296116516
0.04602394021148503
0.04602350899341758
0.04602307930696283
0.04602265115212077
0.0460222245288914
0.046021799437274725
0.04602137587727074
0.04602095384887944
0.04602053335210084
0.04602011438693492
0.0460196969533817
0.04601928105144117
0.04601886668111333
0.04601845384239818
0.046018042535295726
0.04601763275980596
0.046017224515928885
0.0460168178036645
0.04601641262301281
0.0460160089739738
0.04601560685654749
0.046015206270733876
0.04601480721653295
0.046014409693944706
0.04601401370296916
0.04601361924360631
0.046013226315856144
0.04601283491971867
0.04601244505519389
0.0460120567222818
0.0460116699209824
0.0460112846512957
0.04601090091322168
0.04601051870676035
0.04601013803191172
0.04600975888867578
0.04600938127705252
0.046009005197041965
0.04600863064864409
0.046008257631858916
0.04600788614668643
0.04600751619312663
0.04600714777117953
0.046006780880845116
0.046006415522123395
0.046006051695014365
0.04600568939951802
0.04600532863563437
0.04600496940336341
0.04600461170270515
0.046004255533659576
0.04600390089622669
0.046003547790406496
0.04600319621619899
0.04600284617360419
0.046002497662622065
0.046002150683252634
0.0460018052354959
0.04600146131935185
0.0460011189348205
0.04600077808190183
0.04600043876059586
0.04600010097090258
0.04599976471282199
0.04599942998635409
0.045999096791498884
0.04599876512825637
0.04599843499662654
0.04599810639660941
0.045997779328204966
0.04599745379141321
0.04599712978623415
0.04599680731266778
0.0459964863707141
0.04599616696037312
0.04599584908164482
0.045995532734529214
0.045995217919026304
0.04599490463513608
0.04599459288285855
0.04599428266219371
0.04599397397314156
0.045993666815702106
0.045993361189875334
0.04599305709566126
0.04599275453305988
0.045992453502071186
0.04599215400269518
0.04599185603493187
0.04599155959878125
0.04599126469424332
0.04599097132131808
0.04599067948000554
0.045990389170305686
0.04599010039221852
0.045989813145744046
0.04598952743088227
0.04598924324763318
0.045988960595996775
0.04598867947597307
0.04598839988756205
0.04598812183076373
0.04598784530557809
0.04598757031200515
0.0459872968500449
0.04598702491969734
0.045986754520962465
0.04598648565384029
0.0459862183183308
0.045985952514434006
0.0459856882421499
0.04598542550147849
0.045985164292419764
0.04598490461497373
0.04598464646914039
0.04598438985491975
0.04598413477231179
0.04598388122131652
0.04598362920193395
0.04598337871416406
0.04598312975800686
0.045982882333462365
0.04598263644053055
0.04598239207921143
0.04598214924950501
0.045981907951411265
0.04598166818493022
0.04598142995006187
0.045981193246806204
0.04598095807516323
0.04598072443513295
0.04598049232671536
0.04598026174991046
0.04598003270471825
0.045979805191138735
0.04597957920917191
0.04597935475881777
0.04597913184007633
0.04597891045294758
0.04597869059743152
0.045978472273528144
0.04597825548123747
0.04597804022055948
0.045977826491494185
0.04597761429404158
0.045977403628201664
0.045977194493974444
0.045976986891359914
0.04597678082035807
0.04597657628096892
0.04597637327319246
0.045976171797028696
0.04597597185247762
0.045975773439539236
0.04597557655821354
0.04597538120850054
0.04597518739040023
0.04597499510391261
0.04597480434903768
0.04597461512577544
0.0459744274341259
0.04597424127408904
0.04597405664566488
0.045973873548853406
0.04597369198365463
0.04597351195006853
0.045973333448095136
0.04597315647773442
0.04597298103898641
0.04597280713185108
0.04597263475632845
0.04597246391241851
0.045972294600121255
0.045972126819436694
0.045971960570364824
0.045971795852905645
0.045971632667059156
0.04597147101282536
0.04597131089020425
0.045971152299195836
0.04597099523980012
0.045970839712017084
0.04597068571584675
0.045970533251289095
0.04597038231834414
0.04597023291701187
0.045970085047292296
0.04596993870918541
0.045969793902691215
0.045969650627809715
0.0459695088845409
0.04596936867288478
0.04596922999284135
0.045969092844410614
0.04596895722759257
0.04596882314238721
0.04596869058879455
0.045968559566814574
0.04596843007644729
0.045968302117692705
0.045968175690550804
0.045968050795021594
0.04596792743110508
0.04596780559880125
0.045967685298110114
0.045967566529031674
0.04596744929156592
0.04596733358571286
0.04596721941147249
0.04596710676884481
0.04596699565782982
0.04596688607842753
0.04596677803063792
0.04596667151446101
0.04596656652989678
0.04596646307694525
0.04596636115560641
0.045966260765880264
0.045966161907766805
0.045966064581266036
0.04596596878637796
0.04596587452310257
0.04596578179143988
0.04596569059138988
0.045965600922952564
0.04596551278612795
0.045965426180916015
0.04596534110731678
0.04596525756533023
0.045965175554956376
0.045965095076195214
0.045965016129046736
0.045964938713510956
0.045964862829587866
0.04596478847727747
0.04596471565657976
0.04596464436749474
0.045964574610022416
0.04596450638416278
0.045964439689915836
0.04596437452728158
0.04596431089626002
0.04596424879685115
0.04596418822905497
0.04596412919287148
0.04596407168830068
0.04596401571534258
0.04596396127399716
0.04596390836426444
0.04596385698614441
0.04596380713963707
0.04596375882474242
0.04596371204146046
0.04596366678979119
0.045963623069734616
0.04596358088129073
0.04596354022445954
0.045963501099241036
0.045963463505635224
0.0459634274436421
0.04596339291326167
0.045963359914493934
0.045963328447338886
0.04596329851179653
0.04596327010786687
0.04596324323554989
0.04596321789484561
0.04596319408575402
0.04596317180827512
0.04596315106240891
0.04596313184815539
0.04596311416551457
0.04596309801448643
0.045963083395070985
0.04596307030726823
0.04596305875107817
0.0459630487265008
0.04596304023353612
0.04596303327218413
0.04596302784244483