0.04939995835869455
0.049399913757019374
0.049399867602890314
0.04939981989630736
0.04939977063727051
0.04939971982577977
0.04939966746183515
0.04939961354543663
0.049399558076584214
0.04939950105527791
0.04939944248151772
0.04939938235530364
0.04939932067663566
0.049399257445513794
0.04939919266193804
0.049399126325908385
0.04939905843742485
0.04939898899648742
0.04939891800309609
0.04939884545725088
0.04939877135895177
0.04939869570819878
0.04939861850499189
0.04939853974933111
0.049398459441216444
0.04939837758064788
0.04939829416762543
0.04939820920214908
0.04939812268421885
0.04939803461383472
0.04939794499099671
0.049397853815704794
0.04939776108795899
0.049397666807759304
0.04939757097510572
0.04939747358999825
0.04939737465243688
0.04939727416242163
0.04939717211995248
0.04939706852502944
0.04939696337765251
0.04939685667782169
0.04939674842553698
0.04939663862079838
0.04939652726360588
0.04939641435395949
0.049396299891859216
0.04939618387730505
0.04939606631029699
0.04939594719083504
0.049395826518919196
0.04939570429454946
0.049395580517725836
0.049395455188448324
0.04939532830671692
0.04939519987253162
0.04939506988589243
0.049394938346799346
0.049394805255252375
0.049394670611251516
0.049394534414796756
0.049394396665888116
0.04939425736452557
0.04939411651070915
0.04939397410443883
0.04939383014571462
0.04939368463453652
0.049393537570904526
0.049393388954818644
0.04939323878627887
0.049393087065285196
0.049392933791837644
0.04939277896593619
0.04939262258758085
0.04939246465677162
0.0493923051735085
0.049392144137791485
0.04939198154962058
0.049391817408995786
0.0493916517159171
0.049391484470384515
0.049391315672398045
0.04939114532195769
0.049390973419063434
0.04939079996371529
0.04939062495591325
0.04939044839565733
0.04939027028294751
0.0493900906177838
0.0493899094001662
0.049389726630094714
0.04938954230756933
0.049389356432590056
0.04938916900515689
0.049388980025269834
0.04938878949292889
0.04938859740813405
0.04938840377088532
0.0493882085811827
0.049388011839026184
0.049387813544415786
0.04938761369735149
0.049387412297833305
0.04938720934586123
0.04938700484143526
0.0493867987845554
0.04938659117522165
0.04938638201343401
0.049386171299192476
0.049385959032497054
0.04938574521334774
0.049385529841744526
0.049385312917687434
0.04938509444117644
0.04938487441221156
0.04938465283079279
0.049384429696920126
0.049384205010593575
0.04938397877181313
0.04938375098057879
0.04938352163689056
0.049383290740748445
0.049383058292152435
0.04938282429110253
0.04938258873759874
0.04938235163164106
0.04938211297322948
0.04938187276236401
0.049381630999044655
0.04938138768327141
0.04938114281504427
0.04938089639436324
0.049380648421228315
0.0493803988956395
0.049380147817596795
0.049379895187100196
0.04937964100414971
0.049379385268745336
0.04937912798088706
0.049378869140574905
0.049378608747808854
0.04937834680258891
0.049378083304915076
0.04937781825478735
0.04937755165220573
0.04937728349717022
0.049377013789680825
0.04937674252973753
0.049376469717340346
0.04937619535248928
0.04937591943518431
0.04937564196542545
0.04937536294321271
0.04937508236854607
0.04937480024142554
0.04937451656185112
0.04937423132982281
0.04937394454534061
0.04937365620840451
0.049373366319014525
0.04937307487717065
0.04937278188287288
0.04937248733612122
0.04937219123691567
0.04937189358525623
0.0493715943811429
0.04937129362457567
0.04937099131555456
0.049370687454079555
0.04937038204015065
0.049370075073767866
0.04936976655493119
0.04936945648364061
0.04936914485989615
0.049368831683697795
0.04936851695504555
0.04936820067393942
0.049367882840379386
0.04936756345436547
0.04936724251589766
0.04936692002497596
0.04936659598160036
0.049366270385770884
0.049365943237487504
0.049365614536750244
0.04936528428355908
0.04936495247791404
0.049364619119815094
0.04936428420926226
0.04936394774625554
0.04936360973079493
0.049363270162880425
0.04936292904251203
0.049362586369689744
0.049362242144413565
0.04936189636668349
0.04936154903649953
0.04936120015386168
0.04936084971876994
0.049360497731224307
0.04936014419122478
0.04935978909877136
0.04935943245386405
0.049359074256502856
0.049358714506687766
0.04935835320441878
0.04935799034969591
0.04935762594251914
0.049357259982888486
0.049356892470803944
0.04935652340626551
0.049356152789273175
0.049355780619826956
0.04935540689792684
0.04935503162357284
0.049354654796764943
0.04935427641750316
0.04935389648578748
0.049353515001617915
0.049353131964994454
0.049352747375917105
0.04935236123438586
0.04935197354040073
0.049351584293961706
0.04935119349506879
0.049350801143721985
0.04935040723992129
0.0493500117836667
0.04934961477495822
0.04934921621379585
0.04934881610017959
0.049348414434109436
0.04934801121558539
0.04934760644460745
0.049347200121175626
0.04934679224528991
0.0493463828169503
0.0493459718361568
0.0493455593029094
0.04934514521720812
0.04934472957905295
0.04934431238844388
0.04934389364538092
0.049343473349864074
0.04934305150189334
0.04934262810146871
0.04934220314859018
0.04934177664325777
0.04934134858547146
0.04934091897523127
0.049340487812537186
0.0493400550973892
0.04933962082978734
0.04933918500973158
0.04933874763722192
0.04933830871225838
0.049337868234840945
0.04933742620496962
0.0493369826226444
0.049336537487865297
0.049336090800632296
0.04933564256094541
0.049335192768804624
0.04933474142420995
0.04933428852716139
0.049333834077658935
0.04933337807570259
0.049332920521292345
0.04933246141442822
0.0493320007551102
0.049331538543338285
0.049331074779112485
0.04933060946243279
0.04933014259329921
0.04932967417171173
0.04932920419767036
0.0493287326711751
0.049328259592225955
0.049327784960822914
0.04932730877696598
0.049326831040655154
0.04932635175189044
0.04932587091067184
0.04932538851699934
0.04932490457087295
0.04932441907229267
0.049323932021258496
0.04932344341777044
0.049322953261828485
0.04932246155343264
0.0493219682925829
0.049321473479279274
0.049320977113521756
0.04932047919531035
0.049319979724645045
0.04931947870152586
0.04931897612595277
0.0493184719979258
0.04931796631744493
0.04931745908451018
0.049316950299121524
0.04931643996127899
0.049315928070982555
0.04931541462823224
0.04931489963302802
0.049314383085369916
0.04931386498525792
0.049313345332692035
0.04931282412767226
0.04931230137019859
0.049311777060271025
0.04931125119788958
0.04931072378305423
0.049310194815765
0.04930966429602188
0.04930913222382486
0.04930859859917395
0.04930806342206915
0.04930752669251046
0.04930698841049788
0.049306448576031406
0.04930590718911104
0.04930536424973679
0.049304819757908645
0.049304273713626605
0.04930372611689068
0.049303176967700854
0.049302626266057144
0.049302074011959546
0.049301520205408046
0.049300964846402666
0.04930040793494339
0.04929984947103022
0.049299289454663164
0.04929872788584221
0.04929816476456737
0.04929760009083864
0.04929703386465602
0.0492964660860195
0.0492958967549291
0.0492953258713848
0.04929475343538661
0.04929417944693453
0.04929360390602856
0.0492930268126687
0.04929244816685494
0.049291867968587304
0.049291286217865764
0.049290702914690336
0.04929011805906102
0.04928953165097781
0.04928894369044071
0.04928835417744972
0.049287763112004834
0.04928717049410606
0.0492865763237534
0.04928598060094684
0.04928538332568639
0.04928478449797205
0.049284184117803824
0.0492835821851817
0.04928297870010569
0.04928237366257578
0.049281767072591985
0.0492811589301543
0.049280549235262726
0.04927993798791726
0.049279325188117895
0.049278710835864645
0.0492780949311575
0.04927747747399647
0.04927685846438154
0.049276237902312725
0.049275615787790016
0.04927499212081342
0.049274366901382934
0.04927374012949855
0.04927311180516028
0.04927248192836811
0.049271850499122055
0.04927121751742211
0.04927058298326827
0.049269946896660546
0.049269309257598926
0.04926867006608342
0.049268029322114014
0.04926738702569072
0.04926674317681354
0.04926609777548246
0.04926545082169749
0.049264802315458635
0.049264152256765885
0.04926350064561925
0.049262847482018715
0.04926219276596429
0.049261536497455974
0.04926087867649377
0.049260219303077675
0.049259558377207684
0.049258895898883805
0.04925823186810603
0.04925756628487437
0.04925689914918882
0.04925623046104938
0.04925556022045604
0.04925488842740881
0.04925421508190769
0.049253540183952685
0.04925286373354379
0.04925218573068099
0.049251506175364314
0.049250825067593734
0.049250142407369274
0.04924945819469092
0.04924877242955867
0.04924808511197253
0.0492473962419325
0.04924670581943858
0.04924601384449077
0.04924532031708906
0.04924462523723347
0.04924392860492398
0.0492432304201606
0.04924253068294333
0.04924182939327217
0.049241126551147124
0.04924042215656818
0.04923971620953535
0.049239008710048625
0.049238299658108005
0.0492375890537135
0.0492368768968651
0.04923616318756281
0.04923544792580663
0.049234731111596555
0.049234012744932595
0.04923329282581474
0.04923257135424299
0.049231848330217355
0.04923112375373783
0.04923039762480441
0.0492296699434171
0.0492289407095759
0.0492282099232808
0.04922747758453182
0.049226743693328946
0.049226008249672173
0.04922527125356152
0.04922453270499697
0.04922379260397853
0.0492230509505062
0.049222307744579974
0.04922156298619986
0.049220816675365854
0.04922006881207796
0.04921931939633617
0.04921856842814049
0.04921781590749092
0.04921706183438746
0.04921630620883011
0.049215549030818866
0.04921479030035373
0.0492140300174347
0.04921326818206179
0.049212504794234974
0.04921173985395427
0.049210973361219684
0.0492102053160312
0.04920943571838882
0.049208664568292565
0.049207891865742405
0.04920711761073836
0.04920634180328042
0.04920556444336859
0.04920478553100287
0.049204005066183255
0.049203223048909756
0.04920243947918236
0.04920165435700107
0.049200867682365895
0.049200079455276824
0.049199289675733865
0.04919849834373702
0.04919770545928628
0.04919691102238164
0.04919611503302312
0.0491953174912107
0.049194518396944394
0.04919371775022419
0.049192915551050105
0.04919211179942212
0.04919130649534025
0.04919049963880449
0.049189691229814834
0.04918888126837129
0.04918806975447385
0.04918725668812252
0.049186442069317306
0.049185625898058194
0.049184808174345195
0.0491839888981783
0.04918316806955752
0.04918234568848284
0.04918152175495427
0.04918069626897181
0.04917986923053547
0.049179040639645226
0.0491782104963011
0.049177378800503074
0.04917654555225116
0.04917571075154535
0.04917487439838566
0.04917403649277207
0.04917319703470459
0.04917235602418322
0.04917151346120796
0.04917066934577881
0.04916982367789576
0.04916897645755883
0.049168127684768005
0.04916727735952328
0.04916642548182468
0.04916557205167218
0.049164717069065784
0.0491638605340055
0.04916300244649133
0.049162142806523264
0.049161281614101306
0.04916041886922546
0.04915955457189572
0.04915868872211209
0.049157821319874576
0.04915695236518316
0.04915608185803785
0.04915520979843866
0.049154336186385574
0.0491534610218786
0.04915258430491773
0.04915170603550297
0.04915082621363432
0.04914994483931178
0.04914906191253535
0.049148177433305025
0.04914729140162081
0.0491464038174827
0.0491455146808907
0.04914462399184481
0.04914373175034503
0.04914283795639136
0.049141942609983794
0.04914104571112234
0.049140147259807
0.049139247256037764
0.04913834569981463
0.049137442591137614
0.049136537930006705
0.0491356317164219
0.04913472395038321
0.04913381463189063
0.049132903760944154
0.049131991337543784
0.04913107736168953
0.049130161833381376
0.04912924475261934
0.049128326119403404
0.04912740593373358
0.049126484195609874
0.04912556090503226
0.04912463606200077
0.04912370966651538
0.049122781718576106
0.04912185221818293
0.049120921165335875
0.04911998856003492
0.04911905440228008
0.04911811869207134
0.04911718142940871
0.0491162426142922
0.04911530224672179
0.04911436032669749
0.0491134168542193
0.04911247182928722
0.049111525251901246
0.04911057712206138
0.04910962743976762
0.04910867620501998
0.04910772341781844
0.04910676907816301
0.04910581318605369
0.049104855741490476
0.04910389674447337
0.04910293619500238
0.0491019740930775
0.04910101043869872
0.04910004523186605
0.04909907847257949
0.04909811016083904
0.0490971402966447
0.04909616887999647
0.04909519591089434
0.049094221389338326
0.04909324531532842
0.04909226768886462
0.049091288509946936
0.04909030777857535
0.04908932549474988
0.049088341658470515
0.049087356269737266
0.04908636932855012
0.049085380834909084
0.04908439078881416
0.04908339919026534
0.04908240603926263
0.04908141133580603
0.04908041507989553
0.04907941727153115
0.04907841791071287
0.049077416997440705
0.04907641453171465
0.0490754105135347
0.049074404942900864
0.04907339781981313
0.04907238914427151
0.049071378916276
0.04907036713582659
0.04906935380292329
0.04906833891756611
0.04906732247975503
0.04906630448949006
0.0490652849467712
0.04906426385159845
0.049063241203971805
0.04906221700389127
0.04906119125135684
0.04906016394636853
0.04905913508892632
0.04905810467903022
0.04905707271668023
0.049056039201876345
0.04905500413461857
0.04905396751490691
0.04905292934274135
0.04905188961812191
0.04905084834104857
0.04904980551152134
0.04904876112954022
0.04904771519510521
0.04904666770821631
0.04904561866887351
0.04904456807707683
0.04904351593282625
0.049042462236121784
0.04904140698696342
0.049040350185351175
0.04903929183128503
0.049038231924764995
0.04903717046579108
0.04903610745436326
0.04903504289048155
0.049033976774145956
0.049032909105356466
0.04903183988411309
0.04903076911041582
0.04902969678426465
0.0490286229056596
0.049027547474600655
0.04902647049108782
0.04902539195512109
0.04902431186670047
0.04902323022582596
0.04902214703249756
0.04902106228671527
0.049019975988479084
0.04901888813778901
0.04901779873464505
0.04901670777904719
0.04901561527099544
0.0490145212104898
0.04901342559753027
0.04901232843211685
0.04901122971424953
0.04901012944392833
0.04900902762115324
0.04900792424592425
0.04900681931824137
0.0490057128381046
0.04900460480551394
0.04900349522046939
0.049002384082970946
0.04900127139301861
0.049000157150612386
0.04899904135575227
0.04899792400843826
0.04899680510867036
0.048995684656448574
0.04899456265177289
0.048993439094643314
0.04899231398505985
0.048991187323022496
0.04899005910853125
0.048988929341586114
0.048987798022187085
0.04898666515033416
0.04898553072602735
0.04898439474926665
0.048983257220052055
0.048982118138383574
0.0489809775042612
0.048979835317684926
0.04897869157865477
0.04897754628717072
0.048976399443232774
0.048975251046840945
0.04897410109799522
0.048972949596695604
0.0489717965429421
0.048970641936734706
0.04896948577807341
0.048968328066958236
0.048967168803389166
0.0489660079873662
0.04896484561888935
0.0489636816979586
0.04896251622457397
0.04896134919873544
0.04896018062044302
0.04895901048969671
0.04895783880649651
0.04895666557084242
0.04895549078273444
0.04895431444217256
0.0489531365491568
0.04895195710368714
0.048950776105763594
0.04894959355538615
0.04894840945255482
0.0489472237972696
0.048946036589530485
0.04894484782933748
0.04894365751669059
0.0489424656515898
0.048941272234035126
0.048940077264026556
0.04893888074156409
0.04893768266664774
0.0489364830392775
0.04893528185945337
0.04893407912717534
0.04893287484244342
0.04893166900525762
0.04893046161561792
0.048929252673524326
0.048928042178976845
0.04892683013197547
0.04892561653252021
0.048924401380611056
0.04892318467624801
0.04892196641943107
0.04892074661016024
0.04891952524843552
0.04891830233425691
0.048917077867624406
0.048915851848538014
0.04891462427699773
0.04891339515300355
0.048912164476555484
0.04891093224765353
0.048909698466297676
0.04890846313248794
0.0489072262462243
0.04890598780750678
0.048904747816335366
0.04890350627271006
0.048902263176630864
0.04890101852809778
0.0488997723271108
0.04889852457366992
0.04889727526777517
0.04889602440942651
0.048894771998623965
0.04889351803536753
0.048892262519657205
0.04889100545149298
0.048889746830874874
0.048888486657802877
0.048887224932276985
0.0488859616542972
0.048884696823863524
0.04888343044097596
0.048882162505634506
0.048880893017839155
0.04887962197758992
0.04887834938488679
0.04887707523972976
0.048875799542118854
0.04887452229205405
0.04887324348953535
0.04887196313456277
0.04887068122713629
0.04886939776725592
0.04886811275492166
0.04886682619013351
0.04886553807289147
0.04886424840319553
0.04886295718104571
0.04886166440644199
0.04886037007938439
0.048859074199872884
0.04885777676790749
0.048856477783488214
0.04885517724661504
0.04885387515728798
0.04885257151550702
0.04885126632127218
0.04884995957458344
0.048848651275440816
0.048847341423844295
0.04884603001979388
0.04884471706328958
0.04884340255433139
0.0488420864929193
0.04884076887905333
0.04883944971273346
0.0488381289939597
0.04883680672273205
0.048835482899050514
0.04883415752291508
0.048832830594325756
0.04883150211328254
0.04883017207978543
0.04882884049383444
0.04882750735542955
0.048826172664570774
0.0488248364212581
0.04882349862549154
0.048822159277271085
0.04882081837659674
0.04881947592346851
0.04881813191788638
0.048816786359850366
0.04881543924936046
0.048814090586416656
0.048812740371018966
0.04881138860316738
0.04881003528286191
0.04880868041010254
0.04880732398488929
0.04880596600722214
0.048804606477101095
0.04880324539452617
0.048801882759497345
0.04880051857201463
0.04879915283207803
0.048797785539687534
0.04879641669484315
0.04879504629754487
0.048793674347792707
0.048792300845586646
0.04879092579092669
0.04878954918381285
0.04878817102424512
0.04878679131222349
0.048785410047747974
0.048784027230818566
0.04878264286143527
0.04878125693959808
0.048779869465307
0.048778480438562026
0.04877708985936317
0.04877569772771041
0.048774304043603764
0.04877290880704323
0.0487715120180288
0.04877011367656048
0.04876871378263827
0.04876731233626217
0.048765909337432176
0.04876450478614829
0.048763098682410515
0.04876169102621885
0.04876028181757329
0.04875887105647384
0.0487574587429205
0.04875604487691327
0.048754629458452145
0.04875321248753713
0.048751793964168226
0.04875037388834543
0.04874895226006874
0.048747529079338166
0.048746104346153694
0.04874467806051533
0.04874325022242308
0.048741820831876934
0.0487403898888769
0.048738957393422974
0.048737523345515156
0.04873608774515345
0.04873465059233785
0.048733211887068355
0.04873177162934497
0.0487303298191677
0.04872888645653654
0.04872744154145148
0.04872599507391253
0.048724547053919695
0.048723097481472966
0.04872164635657234
0.04872019367921783
0.04871873944940942
0.04871728366714713
0.04871582633243095
0.04871436744526087
0.0487129070056369
0.04871144501355904
0.04870998146902729
0.04870851637204165
0.04870704972260211
0.04870558152070869
0.04870411176636137
0.048702640459560166
0.04870116760030507
0.04869969318859608
0.048698217224433196
0.048696739707816426
0.04869526063874576
0.04869378001722121
0.04869229784324276
0.04869081411681043
0.0486893288379242
0.04868784200658408
0.04868635362279007
0.04868486368654217
0.04868337219784038
0.04868187915668469
0.048680384563075114
0.04867888841701165
0.04867739071849429
0.04867589146752305
0.04867439066409791
0.04867288830821887
0.04867138439988595
0.04866987893909914
0.048668371925858434
0.048666863360163834
0.04866535324201535
0.04866384157141297
0.048662328348356695
0.04866081357284654
0.048659297244882486
0.04865777936446454
0.048656259931592706
0.04865473894626698
0.04865321640848736
0.04865169231825386
0.04865016667556645
0.048648639480425165
0.048647110732829985
0.04864558043278091
0.048644048580277946
0.04864251517532109
0.04864098021791034
0.0486394437080457
0.048637905645727175
0.04863636603095475
0.04863482486372844
0.04863328214404824
0.04863173787191414
0.04863019204732616
0.04862864467028428
0.04862709574078851
0.04862554525883885
0.0486239932244353
0.04862243963757786
0.04862088449826653
0.0486193278065013
0.04861776956228219
0.04861620976560918
0.04861464841648228
0.0486130855149015
0.048611521060866816
0.04860995505437824
0.04860838749543578
0.04860681838403943
0.04860524772018918
0.048603675503885044
0.04860210173512702
0.048600526413915095
0.048598949540249285
0.04859737111412959
0.048595791135555996
0.04859420960452851
0.048592626521047136
0.04859104188511187
0.04858945569672271
0.04858786795587966
0.04858627866258272
0.04858468781683189
0.04858309541862717
0.04858150146796855
0.04857990596485605
0.04857830890928965
0.048576710301269366
0.048575110140795186
0.04857350842786712
0.048571905162485156
0.048570300344649306
0.04856869397435956
0.04856708605161593
0.0485654765764184
0.04856386554876699
0.04856225296866168
0.048560638836102475
0.048559023151089384
0.048557405913622405
0.04855578712370153
0.04855416678132677
0.048552544886498114
0.048550921439215564
0.048549296439479125
0.0485476698872888
0.04854604178264458
0.048544412125546464
0.04854278091599446
0.04854114815398857
0.048539513839528786
0.04853787797261511
0.04853624055324754
0.04853460158142608
0.04853296105715073
0.04853131898042149
0.04852967535123835
0.04852803016960133
0.04852638343551042
0.04852473514896561
0.048523085309966914
0.04852143391851432
0.048519780974607844
0.04851812647824747
0.04851647042943321
0.048514812828165055
0.04851315367444301
0.048511492968267074
0.04850983070963725
0.04850816689855353
0.04850650153501592
0.04850483461902442
0.04850316615057903
0.0485014847318827
0.04849980045199264
0.048498116280978554
0.04849643221884045
0.048494748265578314
0.04849306442119216
0.04849138068568198
0.04848969705904777
0.048488013541289544
0.04848633013240729
0.04848464683240101
0.04848296364127071
0.04848128055901638
0.04847959758563803
0.048477914721135655
0.04847623196550926
0.04847454931875883
0.04847286678088438
0.04847118435188591
0.04846950203176341
0.04846781982051689
0.04846613771814635
0.04846445572465177
0.04846277384003318
0.04846109206429056
0.04845941039742392
0.04845772883943325
0.048456047390318564
0.04845436605007984
0.048452684818717104
0.048451003696230344
0.048449322682619554
0.048447641777884735
0.0484459609820259
0.04844428029504304
0.04844259971693615
0.048440919247705244
0.04843923888735031
0.04843755863587135
0.048435878493268365
0.04843419845954136
0.04843251853469033
0.04843083871871527
0.048429159011616194
0.048427479413393086
0.048425799924045956
0.048424120543574804
0.04842244127197963
0.048420762109260426
0.0484190830554172
0.048417404110449945
0.048415725274358674
0.048414046547143375
0.04841236792880405
0.0484106894193407
0.048409011018753334
0.04840733272704194
0.04840565454420651
0.04840397647024707
0.0484022985051636
0.04840062064895611
0.04839894290162459
0.048397265263169044
0.04839558773358948
0.04839391031288589
0.04839223300105827
0.04839055579810664
0.04838887870403097
0.048387201718831284
0.04838552484250757
0.048383848075059833
0.048382171416488075
0.04838049486679229
0.04837881842597248
0.048377142094028644
0.04837546587096079
0.048373789756768905
0.048372113751453
0.04837043785501307
0.04836876206744911
0.04836708638876113
0.04836541081894913
0.048363735358013096
0.04836206000595305
0.04836038476276897
0.048358709628460866
0.048357034603028745
0.048355359686472595
0.04835368487879242
0.04835201017998822
0.04835033559006
0.048348661109007755
0.04834698673683148
0.04834531247353119
0.04834363831910687
0.048341964273558524
0.04834029033688615
0.04833861650908976
0.04833694279016934
0.0483352691801249
0.04833359567895643
0.04833192228666394
0.04833024900324743
0.04832857582870689
0.04832690276304233
0.04832522980625374
0.04832355695834113
0.048321884219304494
0.04832021158914383
0.04831853906785915
0.048316866655450444
0.04831519435191771
0.04831352215726095
0.04831185007148017
0.048310178094575364
0.04830850622654653
0.04830683446739368
0.0483051628171168
0.0483034912757159
0.04830181984319097
0.048300148519542015
0.04829847730476904
0.04829680619887204
0.04829513520185102
0.048293464313705965
0.0482917935344369
0.0482901228640438
0.04828845230252667
0.04828678184988553
0.04828511150612036
0.048283441271231166
0.04828177114521794
0.0482801011280807
0.04827843121981943
0.04827676142043414
0.04827509172992482
0.04827342214829148
0.048271752675534116
0.04827008331165273
0.048268414056647314
0.04826674491051788
0.04826507587326442
0.04826340694488693
0.048261738125385416
0.04826006941475988
0.048258400813010326
0.04825673232013674
0.04825506393613913
0.0482533956610175
0.04825172749477184
0.04825005943740216
0.04824839148890846
0.048246723649290724
0.048245055918548975
0.0482433882966832
0.04824172078369339
0.04824005337957957
0.048238386084341715
0.04823671889797984
0.04823505182049394
0.04823338485188402
0.048231717992150064
0.04823005124129209
0.0482283845993101
0.04822671806620408
0.04822505164197403
0.04822338532661996
0.048221719120141865
0.04822005302253975
0.048218387033813606
0.048216721153963436
0.048215055382989244
0.04821338972089103
0.04821172416766879
0.04821005872332253
0.04820839338785224
0.04820672816125793
0.04820506304353959
0.048203398034697226
0.04820173313473084
0.048200068343640434
0.048198403661426
0.04819673908808754
0.04819507462362506
0.04819341026803855
0.048191746021328016
0.04819008188349346
0.04818841785453488
0.04818675393445228
0.04818509012324565
0.04818342642091499
0.04818176282746032
0.048180099342881616
0.04817843596717889
0.04817677270035214
0.04817510954240136
0.04817344649332656
0.04817178355312774
0.0481701207218049
0.048168457999358025
0.04816679538578712
0.048165132881092206
0.04816347048527326
0.04816180819833029
0.0481601460202633
0.04815848395107228
0.048156821990757236
0.04815516013931817
0.04815349839675508
0.048151836763067966
0.04815017523825683
0.048148513822321666
0.048146852515262475
0.04814519131707926
0.04814353022777203
0.04814186924734077
0.04814020837578548
0.048138547613106174
0.04813688695930284
0.04813522641437548
0.0481335659783241
0.04813190565114869
0.04813024543284926
0.04812858532342581
0.04812692532287833
0.04812526543120682
0.0481236056484113
0.048121945974491744
0.04812028640944817
0.04811862695328056
0.048116967605988936
0.04811530836757329
0.048113649238033615
0.04811199021736992
0.0481103313055822
0.04810867250267045
0.04810701380863468
0.04810535522347488
0.04810369674719106
0.04810203837978322
0.04810038012125135
0.048098721971595454
0.04809706393081554
0.0480954059989116
0.04809374817588363
0.04809209046173164
0.04809043285645563
0.04808877536005559
0.048087117972531526
0.04808546069388344
0.04808380352411133
0.048082146463215195
0.048080489511195035
0.04807883266805085
0.04807717593378264
0.04807551930839041
0.04807386279187415
0.048072206384233866
0.048070550085469566
0.048068893895581236
0.048067237814568876
0.0480655818424325
0.0480639259791721
0.04806227022478767
0.048060614579279216
0.04805895904264674
0.04805730361489024
0.048055648296009716
0.048053993086005165
0.0480523379848766
0.048050682992623994
0.048049028109247376
0.04804737333474673
0.04804571866912206
0.048044064112373365
0.04804240966450064
0.0480407553255039
0.04803910109538313
0.048037446974138344
0.048035792961769526
0.048034139058276686
0.04803248526365982
0.04803083157791893
0.04802917800105402
0.04802752453306508
0.04802587117395212
0.04802421792371513
0.04802256478235412
0.04802091174986908
0.04801925882626003
0.04801760601152694
0.04801595330566984
0.0480143007086887
0.04801264822058355
0.04801099584135437
0.04800934357100116
0.048007691409523934
0.04800603935692268
0.0480043874131974
0.048002735578348096
0.04800108385237477
0.04799943223527742
0.047997780727056044
0.04799612932771064
0.04799447803724122
0.04799282685564777
0.0479911757829303
0.0479895248190888
0.04798787396412328
0.04798622321803374
0.047984572580820166
0.04798292205248257
0.047981271633020954
0.047979621322435315
0.047977971120725646
0.047976321027891955
0.04797467104393424
0.0479730211688525
0.047971371402646734
0.04796972174531695
0.04796807219686313
0.0479664227572853
0.04796477342658344
0.04796312420475755
0.04796147509180764
0.047959826087733706
0.04795817719253575
0.04795652840621376
0.04795487972876775
0.04795323116019772
0.04795158270050367
0.047949934349685586
0.04794828610774349
0.04794663797467735
0.0479449899504872
0.047943342035173024
0.04794169422873482
0.0479400465311726
0.047938398942486346
0.04793675146267607
0.04793510409174177
0.04793345682968345
0.047931809676501104
0.04793016263219473
0.04792851569676434
0.047926868870209915
0.04792522215253147
0.047923575543729
0.047921929043802505
0.04792028265275199
0.04791863637057745
0.04791699019727888
0.047915344132856294
0.04791369817730968
0.04791205233063904
0.04791040659284437
0.047908760963925684
0.04790711544388297
0.04790547003271624
0.047903824730425475
0.047902179537010696
0.04790053445247188
0.04789888947680905
0.04789724461002219
0.04789559985211131
0.047893955203076405
0.04789231066291747
0.047890666231634516
0.04788902190922754
0.04788737769569654
0.04788573359104151
0.047884089595262455
0.04788244570835938
0.04788080193033228
0.04787915826118115
0.047877514700906
0.047875871249506825
0.04787422790698363
0.04787258467333641
0.04787094154856516
0.04786929853266989
0.047867655625650596
0.04786601282750728
0.04786437013823993
0.04786272755784856
0.04786108508633317
0.04785944272369375
0.04785780046993031
0.04785615832504285
0.047854516289031354
0.04785287436189584
0.0478512325436363
0.04784959083425274
0.047847949233745156
0.04784630774211354
0.047844666359357906
0.04784302508547825
0.047841383920474566
0.047839742864346856
0.04783810191709512
0.04783646107871936
0.047834820349219584
0.04783317972859578
0.04783153921684795
0.04782989881397609
0.04782825851998021
0.04782661833486031
0.04782497825861638
0.047823338291248435
0.04782169843275646
0.04782005868314045
0.04781841904240043
0.04781677951053638
0.04781514008754831
0.04781350077343621
0.04781186156820009
0.04781022247183994
0.04780858348435577
0.04780694460574758
0.04780530583601536
0.04780366717515912
0.04780202862317885
0.04780039018007456
0.04779875184584624
0.0477971136204939
0.04779547550401753
0.04779383749641715
0.047792199597692736
0.047790561807844294
0.047788924126871836
0.04778728655477535
0.04778564909155483
0.0477840117372103
0.04778237449174174
0.04778073735514916
0.04777910032743255
0.047777463408591916
0.04777582659862726
0.04777418989753858
0.04777255330532588
0.04777091682198915
0.047769280447528394
0.04776764418194362
0.04776600802523481
0.047764371977401986
0.047762736038445136
0.04776110020836426
0.04775946448715936
0.04775782887483044
0.04775619337137749
0.04775455797680052
0.04775292269109952
0.0477512875142745
0.04774965244632545
0.04774801748725238
0.04774638263705529
0.04774474789573417
0.047743113263289026
0.04774147873971986
0.04773984432502667
0.04773821001920946
0.047736575822268215
0.04773494173420295
0.047733307755013665
0.04773167388470035
0.04773004012326301
0.04772840647070165
0.04772677292701626
0.04772513949220686
0.047723506166273424
0.04772187294921596
0.04772023984103448
0.047718606841728975
0.04771697395129944
0.047715341169745885
0.047713708497068304
0.0477120759332667
0.04771044347834107
0.04770881113229142
0.04770717889511774
0.04770554676682004
0.04770391474739832
0.047702282836852565
0.04770065103518279
0.04769901934238899
0.04769738775847117
0.04769575628342932
0.04769412491726345
0.04769249365997355
0.04769086251155963
0.047689231472021684
0.04768760054135972
0.04768596971957372
0.04768433900666371
0.04768270840262966
0.0476810779074716
0.04767944752118951
0.047677817243783394
0.04767618707525326
0.04767455701559909
0.0476729270648209
0.04767129722291869
0.04766966748989245
0.0476680378657422
0.04766640835046791
0.0476647789440696
0.04766314964654727
0.04766152045790091
0.04765989137813053
0.04765826240723612
0.04765663354521769
0.04765500479207523
0.047653376147808756
0.04765174761241825
0.04765011918590372
0.04764849086826517
0.047646862659502597
0.047645234559615994
0.04764360656860537
0.047641978686470715
0.047640350913212046
0.04763872324882935
0.047637095693322626
0.047635468246691876
0.0476338409089371
0.04763221368005831
0.04763058656005549
0.047628959548928644
0.047627332646677775
0.047625705853302884
0.04762407916880397
0.04762245259318103
0.04762082612643406
0.047619199768563075
0.04761757351956806
0.04761594737944902
0.04761432134820596
0.04761269542583887
0.04761106961234776
0.047609443907732626
0.04760781831199346
0.04760619282513028
0.04760456744714307
0.047602942178031835
0.04760131701779658
0.0475996919664373
0.04759806702395399
0.047596442190346665
0.04759481746561531
0.04759319284975993
0.04759156834278053
0.047589943944677096
0.04758831965544965
0.047586695475098174
0.04758507140362267
0.04758344744102315
0.0475818235872996
0.04758019984245202
0.04757857620648043
0.047576952679384804
0.04757532926116516
0.04757370595182149
0.04757208275135379
0.047570459659762074
0.04756883667704633
0.04756721380320656
0.047565591038242774
0.04756396838215496
0.047562345834943114
0.04756072339660725
0.047559101067147364
0.047557478846563445
0.04755585673485551
0.04755423473202355
0.04755261283806756
0.04755099105298755
0.047549369376783515
0.047547747809455455
0.04754612635100337
0.04754450500142726
0.047542883760727135
0.04754126262890298
0.047539641605954794
0.04753802069188259
0.04753639988668636
0.047534779190366104
0.04753315860292183
0.047531538124353526
0.0475299177546612
0.04752829749384485
0.04752667734190447
0.04752505729884007
0.04752343736465165
0.0475218175393392
0.04752019782290273
0.047518578215342236
0.04751695871665771
0.04751533932684917
0.0475137200459166
0.04751210087386
0.047510481810679385
0.04750886285637474
0.047507244010946074
0.047505625274393386
0.04750400664671667
0.04750238812791593
0.047500769717991165
0.04749915141694237
0.04749753322476956
0.04749591514147272
0.04749429716705186
0.047492679301506975
0.047491061544838065
0.04748944389704513
0.04748782635812818
0.04748620892808719
0.047484591606922186
0.04748297439463315
0.0474813572912201
0.04747974029668302
0.047478123411021915
0.04747650663423678
0.04747488996632763
0.04747327340729445
0.04747165695713725
0.047470040615856024
0.04746842438345077
0.0474668082599215
0.047465192245268205
0.04746357633949088
0.04746196054258953
0.04746034485456416
0.047458729275414765
0.047457113805141345
0.047455498443743895
0.04745388319122243
0.047452268047576934
0.04745065301280742
0.04744903808691388
0.04744742326989631
0.04744580856175472
0.047444193962489105
0.04744257947209946
0.0474409650905858
0.04743935081794811
0.0474377366541864
0.04743612259930066
0.0474345086532909
0.04743289481615712
0.04743128108789931
0.04742966746851748
0.04742805395801162
0.04742644055638173
0.04742482726362783
0.0474232140797499
0.047421601004747946
0.04741998803862196
0.04741837518137196
0.04741676243299793
0.04741514979349988
0.0474135372628778
0.0474119248411317
0.047410312528261576
0.047408700324267423
0.047407088229149255
0.04740547624290705
0.04740386436554083
0.04740225259705058
0.04740064093743631
0.047399029386698016
0.0473974179448357
0.047395806611849355
0.04739419538773899
0.04739258427250459
0.04739097326614618
0.047389362368663736
0.047387751580057265
0.04738614090032678
0.04738453032947226
0.047382919867493725
0.047381309514391165
0.047379699270164576
0.047378089134813964
0.04737647910833933
0.047374869190740666
0.04737325938201798
0.04737164968217127
0.04737004009120054
0.04736843060910578
0.047366821235887
0.0473652119715442
0.04736360281607736
0.047361993769486514
0.04736038483177163
0.04735877600293273
0.0473571672829698
0.04735555867188285
0.04735395016967187
0.047352341776336876
0.04735073349187785
0.0473491253162948
0.047347517249587724
0.04734590929175663
0.04734430144280151
0.04734269370272236
0.04734108607151919
0.047339478549191995
0.047337871135740776
0.047336263831165536
0.047334656635466266
0.04733304954864297
0.04733144257069566
0.047329835701624315
0.04732822894142895
0.04732662229010956
0.04732501574766615
0.04732340931409871
0.04732180298940725
0.04732019677359176
0.04731859066665225
0.04731698466858871
0.04731537877940115
0.04731377299908957
0.04731216732765396
0.04731056176509433
0.047308956311410674
0.04730735096660299
0.04730574573067129
0.04730414060361556
0.047302535585435804
0.04730093067613202
0.04729932587570422
0.047297721184152396
0.04729611660147655
0.04729451212767667
0.04729290776275277
0.047291303506704845
0.0472896993595329
0.04728809532123693
0.047286491391816926
0.04728488757127291
0.04728328385960486
0.04728168025681279
0.047280076762896694
0.04727847337785658
0.04727687010169244
0.047275266934404266
0.04727366387599208
0.04727206092645586
0.04727045808579562
0.04726885535401136
0.04726725273110307
0.04726565021707076
0.04726404781191442
0.047262445515634056
0.04726084332822967
0.04725924124970126
0.04725763928004883
0.04725603741927237
0.047254435667371884
0.04725283402434738
0.047251232490198844
0.04724963106492629
0.04724802974852971
0.047246428541009106
0.047244827442364475
0.04724322645259582
0.047241625571703146
0.04724002479968644
0.04723842413654571
0.047236823582280964
0.04723522313689219
0.04723362280037939
0.04723202257274257
0.04723042245398172
0.047228822444096846
0.04722722254308795
0.04722562275095503
0.04722402306769809
0.047222423493317116
0.04722082402781212
0.047219224671183106
0.04721762542343006
0.047216026284552993
0.047214427254551904
0.04721282833342679
0.04721122952117765
0.047209630817804486
0.0472080322233073
0.047206433737686085
0.04720483536094085
0.04720323709307159
0.047201638934078305
0.04720004088396099
0.04719844294271966
0.0471968451103543
0.04719524738686492
0.04719364977225151
0.04719205226651408
0.04719045486965263
0.047188857581667146
0.04718726040255764
0.047185663332324115
0.04718406637096656
0.04718246951848498
0.04718087277487938
0.04717927614014976
0.04717767961429611
0.04717608319731843
0.04717448688921674
0.04717289068999101
0.04717129459964126
0.04716969861816749
0.0471681027455697
0.04716650698184788
0.04716491132700203
0.04716331578103217
0.04716172034393827
0.04716012501572035
0.04715852979637841
0.04715693468591244
0.04715533968432246
0.04715374479160844
0.0471521500077704
0.04715055533280834
0.04714896076672225
0.04714736630951214
0.047145771961178
0.047144177721719846
0.04714258359113766
0.04714098956943145
0.04713939565660122
0.04713780185264696
0.04713620815756868
0.04713461457136637
0.04713302109404004
0.04713142772558968
0.047129834466015305
0.0471282413153169
0.04712664827349448
0.04712505534054802
0.047123462516477546
0.047121869801283044
0.04712027719496452
0.04711868469752197
0.047117092308955395
0.0471155000292648
0.047113907858450176
0.04711231579651153
0.04711072384344886
0.047109131999262165
0.04710754026395145
0.0471059486375167
0.04710435711995793
0.04710276571127514
0.04710117441146833
0.047099583220537485
0.04709799213848262
0.047096401165303725
0.047094810301000815
0.047093219545573876
0.047091628899022915
0.047090038361347925
0.04708844793254892
0.04708685761262588
0.04708526740157882
0.04708367729940774
0.04708208730611263
0.0470804974216935
0.04707890764615034
0.047077317979483155
0.04707572842169195
0.04707413897277672
0.047072549632737465
0.047070960401574186
0.047069371279286884
0.04706778226587556
0.04706619336134021
0.04706460456568083
0.047063015878897434
0.04706142730099001
0.04705983883195856
0.047058250471803086
0.047056662220523585
0.04705507407812007
0.04705348604459252
0.04705189811994095
0.04705031030416536
0.04704872259726574
0.047047134999242096
0.047045547510094425
0.04704396012982273
0.047042372858427016
0.04704078569590728
0.04703919864226351
0.04703761169749572
0.04703602486160391
0.047034438134588075
0.04703285151644821
0.047031265007184325
0.04702967860679642
0.04702809231528448
0.04702650613264852
0.04702492005888854
0.047023334094004526
0.0470217482379965
0.04702016249086444
0.04701857685260836
0.04701699132322826
0.04701540590272413
0.04701382059109597
0.047012235388343794
0.04701065029446759
0.047009065309467364
0.047007480433343116
0.04700589566609484
0.04700431100772254
0.047002726458226216
0.047001142017605864
0.0469995576858615
0.0469979734629931
0.046996389349000675
0.046994805343884234
0.046993221447643764
0.046991637660279265
0.04699005398179075
0.046988470412178206
0.04698688695144164
0.04698530359958105
0.04698372035659643
0.04698213722248779
0.04698055419725513
0.04697897128089844
0.04697738847341773
0.046975805774812994
0.04697422318508423
0.04697264070423145
0.04697105833225464
0.0469694760691538
0.04696789391492894
0.04696631186958006
0.04696472993310715
0.04696314810551022
0.046961566386789264
0.04695998477694428
0.04695840327597528
0.04695682188388225
0.04695524060066519
0.04695365942632412
0.04695207836085902
0.04695049740426989
0.04694891655655674
0.046947335817719565
0.04694575518775837
0.046944174666673145
0.0469425942544639
0.04694101395113062
0.04693943375667333
0.04693785367109201
0.04693627369438667
0.046934693826557294
0.0469331140676039
0.04693153441752648
0.04692995487632504
0.046928375443999575
0.046926796120550084
0.04692521690597657
0.04692363780027903
0.04692205880345747
0.046920479915511876
0.046918901136442266
0.04691732246624863
0.046915743904930966
0.04691416545248928
0.04691258710892358
0.04691100887423384
0.046909430748420085
0.0469078527314823
0.046906274823420496
0.046904697024234665
0.04690311933392481
0.04690154175249093
0.046899964279933024
0.046898386916251096
0.046896809661445146
0.04689523251551517
0.046893655478461166
0.04689207855028314
0.04689050173098109
0.046888925020555014
0.046887348419004916
0.046885771926330796
0.04688419554253265
0.046882619267610476
0.04688104310156428
0.04687946704439406
0.04687789109609982
0.04687631525668155
0.046874739526139256
0.046873163904472936
0.046871588391682595
0.04687001298776823
0.046868437692729845
0.04686686250656743
0.04686528742928099
0.046863712460870524
0.04686213760133604
0.04686056285067753
0.04685898820889499
0.04685741367598843
0.04685583925195785
0.04685426493680324
0.0468526907305246
0.04685111663312195
0.04684954264459527
0.046847968764944556
0.04684639499416983
0.046844821332271074
0.046843247779248295
0.04684167433510149
0.046840100999830665
0.04683852777343581
0.04683695465591694
0.046835381647274035
0.04683380874750711
0.04683223595661616
0.04683066327460119
0.04682909070146219
0.04682751823719917
0.046825945881812124
0.04682437363530105
0.046822801497665954
0.046821229468906836
0.046819657549023695
0.046818085738016525
0.04681651403588533
0.04681494244263012
0.046813370958250874
0.04681179958274761
0.04681022831612032
0.04680865715836901
0.04680708610949367
0.046805515169494306
0.046803944338370915
0.04680237361612351
0.04680080300275207
0.04679923249825661
0.04679769912099094
0.046796191085981355
0.04679468447334713
0.04679317928308825
0.046791675515204724
0.04679017316969655
0.04678867224656374
0.04678717274580627
0.04678567466742416
0.0467841780114174
0.046782682777785994
0.04678118896652994
0.04677969657764924
0.04677820561114389
0.04677671606701389
0.04677522794525925
0.04677374124587996
0.04677225596887603
0.04677077211424744
0.04676928968199421
0.04676780867211633
0.046766329084613804
0.046764850919486636
0.04676337417673481
0.04676189885635835
0.046760424958357236
0.04675895248273147
0.046757481429481065
0.04675601179860601
0.04675454359010631
0.046753076803981955
0.04675161144023296
0.046750147498859314
0.046748684979861024
0.046747223883238084
0.0467457642089905
0.046744305957118266
0.04674284912762139
0.04674139372049987
0.04673993973575369
0.046738487173382866
0.0467370360333874
0.04673558631576728
0.04673413802052252
0.04673269114765311
0.04673124569715906
0.04672980166904035
0.046728359063297004
0.046726917879929004
0.04672547811893636
0.04672403978031907
0.04672260286407713
0.046721167370210544
0.046719733298719306
0.04671830064960343
0.0467168694228629
0.04671543961849772
0.0467140112365079
0.04671258427689343
0.04671115873965432
0.046709734624790555
0.04670831193230214
0.04670689066218908
0.04670547081445138
0.04670405238908903
0.04670263538610203
0.046701219805490385
0.04669980564725409
0.04669839291139315
0.04669698159790756
0.04669557170679733
0.04669416323806244
0.04669275619170291
0.04669135056771874
0.046689946366109916
0.04668854358687644
0.046687142230018325
0.046685742295535564
0.04668434378342815
0.04668294669369609
0.046681551026339384
0.046680156781358034
0.046678763958752034
0.046677372558521384
0.04667598258066609
0.046674594025186145
0.046673206892081556
0.046671821181352324
0.04667043689299844
0.04666905402701991
0.04666767258341673
0.046666292562188905
0.046664913963336434
0.04666353678685932
0.04666216103275755
0.04666078670103114
0.04665941379168008
0.04665804230470437
0.046656672240104016
0.04665530359787901
0.046653936378029365
0.04665257058055507
0.046651206205456125
0.04664984325273253
0.0466484817223843
0.04664712161441141
0.04664576292881388
0.04664440566559171
0.046643049824744875
0.0466416954062734
0.04664034241017728
0.04663899083645652
0.0466376406851111
0.04663629195614104
0.04663494464954633
0.046633598765326974
0.04663225430348297
0.04663091126401432
0.046629569646921026
0.04662822945220308
0.04662689067986049
0.04662555332989325
0.04662421740230137
0.046622882897084834
0.04662154981424365
0.04662021815377783
0.04661888791568735
0.04661755909997223
0.04661623170663246
0.046614905735668045
0.046613581187078985
0.046612258060865275
0.046610936357026914
0.04660961607556391
0.04660829721647626
0.04660697977976396
0.04660566376542702
0.046604349173465426
0.04660303600387918
0.046601724256668295
0.046600413931832764
0.04659910502937258
0.04659779754928775
0.046596491491578275
0.046595186856244156
0.046593883643285386
0.046592581852701966
0.0465912814844939
0.046589982538661194
0.046588685015203836
0.04658738891412183
0.046586094235415175
0.04658480097908388
0.04658350914512793
0.046582218733547336
0.046580929744342095
0.046579642177512204
0.04657835603305767
0.04657707131097849
0.04657578801127466
0.04657450613394618
0.04657322567899306
0.046571946646415285
0.04657066903621287
0.04656939284838581
0.04656811808293409
0.046566844739857734
0.04656557281915673
0.04656430232083107
0.04656303324488077
0.04656176559130582
0.04656049936010623
0.04655923455128198
0.046557971164833095
0.046556709200759556
0.046555448659061374
0.04655418953973854
0.046552931842791065
0.04655167556821894
0.04655042071602217
0.046549167286200746
0.04654791527875468
0.046546664693683966
0.04654541553098861
0.0465441677906686
0.046542921472723944
0.04654167657715464
0.04654043310396069
0.046539191053142095
0.046537950424698854
0.04653671121863096
0.046535473434938426
0.04653423707362124
0.04653300213467941
0.04653176861811293
0.0465305365239218
0.04652930585210603
0.046528076602665606
0.04652684877560054
0.046525622370910825
0.04652439738859646
0.046523173828657456
0.0465219516910938
0.04652073097590549
0.04651951168309254
0.046518293812654946
0.0465170773645927
0.04651586233890581
0.04651464873559427
0.04651343655465808
0.04651222579609725
0.04651101645991177
0.04650980854610164
0.046508602054666864
0.04650739698560744
0.04650619333892338
0.04650499111461466
0.046503790312681294
0.04650259093312328
0.04650139297594063
0.046500196441133325
0.04649900132870137
0.04649780763864477
0.04649661537096353
0.046495424525657636
0.04649423510272709
0.046493047102171906
0.04649186052399207
0.04649067536818759
0.04648949163475846
0.04648830932370469
0.04648712843502626
0.04648594896872319
0.04648477092479547
0.04648359430324311
0.04648241910406609
0.046481245327264435
0.046480072972838134
0.046478902040787175
0.04647773253111158
0.04647656444381133
0.046475397778886436
0.046474232536336896
0.046473068716162705
0.04647190631836387
0.046470745342940385
0.046469585789892257
0.04646842765921948
0.046467270950922054
0.04646611566499998
0.046464961801453264
0.046463809360281896
0.046462658341485885
0.04646150874506522
0.04646036057101992
0.04645921381934996
0.04645806849005536
0.04645692458313611
0.04645578209859222
0.046454641036423674
0.04645350139663049
0.04645236317921265
0.046451226384170166
0.046450091011503034
0.04644895706121126
0.04644782453329483
0.04644669342775375
0.04644556374458803
0.04644443548379767
0.04644330864538265
0.046442183229342994
0.046441059235678685
0.04643993666438973
0.04643881551547613
0.046437695788937874
0.04643657748477498
0.046435460602987436
0.046434345143575244
0.0464332311065384
0.04643211849187692
0.046431007299590786
0.046429897529680006
0.04642878918214458
0.04642768225698451
0.04642657675419978
0.046425472673790415
0.0464243700157564
0.04642326878009774
0.04642216896681443
0.04642107057590647
0.04641997360737387
0.04641887806121662
0.04641778393743472
0.04641669123602817
0.046415599956996983
0.046414510100341144
0.046413421666060654
0.04641233465415552
0.04641124906462574
0.04641016489747131
0.04640908215269224
0.046408000830288516
0.046406920930260144
0.04640584245260713
0.04640476539732946
0.04640368976442715
0.04640261555390019
0.04640154276574859
0.04640047139997234
0.04639940145657144
0.04639833293554589
0.0463972658368957
0.046396200160620855
0.04639513590672137
0.04639407307519723
0.04639301166604845
0.04639195167927502
0.046390893114876944
0.04638983597285422
0.04638878025320685
0.04638772595593483
0.046386673081038166
0.04638562162851685
0.046384571598370894
0.046383522990600286
0.046382475805205034
0.04638143004218513
0.046380385701540586
0.04637934278327139
0.04637830128737755
0.04637726121385906
0.046376222562715924
0.04637518533394814
0.04637414952755571
0.04637311514353863
0.04637208218189691
0.046371050642630536
0.04637002052573951
0.04636899183122385
0.046367964559083534
0.04636693870931857
0.04636591428192897
0.04636489127691471
0.04636386969427581
0.04636284953401226
0.04636183079612406
0.04636081348061122
0.04635979758747373
0.04635878311671159
0.04635777006832481
0.04635675844231338
0.046355748238677295
0.04635473945741657
0.0463537320985312
0.04635272616202118
0.04635172164788651
0.04635071855612719
0.046349716886743234
0.046348716639734625
0.046347717815101365
0.04634672041284346
0.046345724432960915
0.04634472987545372
0.04634373674032187
0.04634274502756538
0.04634175473718424
0.04634076586917846
0.04633977842354802
0.04633879240029294
0.04633780779941321
0.04633682462090884
0.04633584286477982
0.04633486253102615
0.04633388361964783
0.04633290613064487
0.04633193006401726
0.046330955419765
0.0463299821978881
0.04632901039838655
0.04632804002126035
0.046327071066509504
0.04632610353413401
0.04632513742413387
0.04632417273650908
0.046323209471259646
0.04632224762838556
0.046321287207886835
0.04632032820976346
0.046319370634015436
0.04631841448064277
0.04631745974964545
0.04631650644102349
0.04631555455477687
0.04631460409090562
0.04631365504940971
0.04631270743028916
0.046311761233543955
0.04631081645917411
0.046309873107179614
0.04630893117756048
0.046307990670316684
0.04630705158544825
0.04630611392295517
0.046305177682837435
0.04630424286509506
0.046303309469728035
0.046302377496736366
0.046301446946120046
0.04630051781787908
0.04629959011201347
0.04629866382852321
0.046297738967408304
0.046296815528668746
0.046295893512304544
0.0462949729183157
0.0462940537467022
0.04629313599746406
0.04629221967060127
0.04629130476611383
0.046290391284001746
0.04628947922426502
0.04628856858690364
0.04628765937191762
0.046286751579306944
0.04628584520907162
0.04628494026121165
0.04628403673572704
0.04628313463261778
0.04628223395188387
0.046281334693525314
0.046280436857542115
0.046279540443934265
0.046278645452701765
0.04627775188384462
0.046276859737362834
0.046275969013256396
0.04627507971152531
0.046274191832169576
0.0462733053751892
0.046272420340584174
0.0462715367283545
0.046270654538500176
0.046269773771021205
0.04626889442591759
0.04626801650318933
0.046267140002836424
0.046266264924858864
0.04626539126925666
0.04626451903602981
0.04626364822517831
0.04626277883670216
0.04626191087060137
0.04626104432687594
0.046260179205525845
0.046259315506551116
0.046258453229951736
0.046257592375727706
0.04625673294387903
0.04625587493440571
0.04625501834730774
0.04625416318258512
0.04625330944023786
0.04625245712026595
0.04625160622266939
0.046250756747448184
0.04624990869460233
0.04624906206413183
0.04624821685603669
0.04624737307031689
0.046246530706972454
0.046245689766003364
0.04624485024740963
0.04624401215119125
0.04624317547734822
0.04624234022588054
0.04624150639678822
0.04624067399007125
0.046239843005729635
0.04623901344376337
0.04623818530417245
0.0462373585869569
0.04623653329211669
0.046235709419651834
0.046234886969562336
0.04623406594184819
0.046233246336509395
0.04623242815354595
0.046231611392957866
0.04623079605474513
0.04622998213890774
0.04622916964544571
0.04622835857435904
0.04622754892564771
0.046226740699311736
0.04622593389535112
0.046225128513765854
0.04622432455455594
0.04622352201772138
0.046222720903262175
0.04622192121117832
0.046221122941469815
0.04622032609413667
0.046219530669178874
0.04621873666659643
0.04621794408638934
0.0462171529285576
0.04621636319310122
0.046215574880020184
0.046214787989314506
0.04621400252098418
0.04621321847502921
0.04621243585144959
0.04621165465024532
0.0462108748714164
0.04621009651496284
0.04620931958088464
0.04620854406918178
0.04620776997985428
0.04620699731290213
0.04620622606832533
0.046205456246123884
0.04620468784629779
0.04620392086884705
0.04620315531377167
0.04620239118107164
0.04620162847074696
0.04620086718279763
0.046200107317223654
0.046199348874025034
0.04619859185320176
0.04619783625475385
0.046197082078681284
0.046196329324984076
0.04619557799366222
0.046194828084715714
0.04619407959814456
0.046193332533948764
0.04619258689212832
0.046191842672683225
0.04619109987561349
0.0461903585009191
0.04618961854860006
0.046188880018656384
0.046188142911088054
0.04618740722589508
0.046186672963077456
0.04618594012263519
0.04618520870456827
0.04618447870887671
0.046183750135560496
0.04618302298461964
0.04618229725605413
0.04618157294986398
0.04618085006604918
0.04618012860460973
0.04617940856554564
0.0461786899488569
0.04617797275454351
0.046177256982605476
0.04617654263304279
0.046175829705855466
0.04617511820104349
0.04617440811860686
0.04617369945854559
0.046172992220859674
0.04617228640554911
0.0461715820126139
0.04617087904205404
0.04617017749386953
0.046169477368060374
0.04616877866462658
0.04616808138356813
0.04616738552488503
0.04616669108857729
0.0461659980746449
0.046165306483087865
0.04616461631390618
0.04616392756709985
0.04616324024266887
0.04616255434061325
0.04616186986093297
0.04616118680362805
0.04616050516869849
0.04615982495614428
0.04615914616596541
0.046158468798161906
0.04615779285273375
0.046157118329680946
0.0461564452290035
0.046155773550701405
0.04615510329477466
0.04615443446122327
0.04615376705004723
0.046153101061246544
0.04615243649482122
0.04615177335077123
0.04615111162909661
0.04615045132979734
0.046149792452873414
0.04614913499832485
0.04614847896615163
0.04614782435635377
0.04614717116893126
0.046146519403884104
0.0461458690612123
0.04614522014091585
0.04614457264299475
0.046143926567449006
0.04614328191427861
0.046142638683483575
0.04614199687506389
0.046141356489019555
0.04614071752535057
0.04614007998405695
0.04613944386513867
0.04613880916859575
0.04613817589442818
0.04613754404263597
0.0461369136132191
0.046136284606177594
0.046135657021511435
0.04613503085922063
0.04613440611930518
0.04613378280176508
0.046133160906600336
0.046132540433810945
0.046131921383396904
0.04613130375535821
0.046130687549694877
0.0461300727664069
0.04612945940549427
0.046128847466956995
0.04612823695079507
0.0461276278570085
0.046127020185597285
0.04612641393656142
0.046125809109900905
0.04612520570561575
0.04612460372370594
0.04612400316417149
0.04612340402701239
0.04612280631222864
0.046122210019820246
0.04612161514978721
0.04612102170212952
0.04612042967684718
0.0461198390739402
0.04611924989340857
0.04611866213525229
0.046118075799471366
0.046117490886065794
0.04611690739503558
0.046116325326380714
0.0461157446801012
0.04611516545619704
0.046114587654668235
0.046114011275514774
0.04611343631873668
0.04611286278433393
0.04611229067230653
0.04611171998265449
0.0461111507153778
0.046110582870476466
0.04611001644795048
0.04610945144779985
0.04610888787002457
0.04610832571462464
0.04610776498160007
0.04610720567095085
0.046106647782676986
0.046106091316778466
0.04610553627325531
0.0461049826521075
0.046104430453335045
0.046103879676937944
0.04610333032291619
0.046102782391269796
0.04610223588199875
0.04610169079510306
0.04610114713058272
0.046100604888437736
0.0461000640686681
0.046099524671273824
0.046098986696254896
0.04609845014361132
0.0460979150133431
0.046097381305450234
0.04609684901993272
0.04609631815679056
0.046095788716023746
0.04609526069763229
0.046094734101616186
0.04609420892797544
0.04609368517671004
0.046093162847819995
0.0460926419413053
0.046092122457165964
0.046091604395401976
0.04609108775601334
0.04609057253900006
0.04609005874436213
0.046089546372099555
0.046089035422212335
0.046088525894700465
0.04608801778956395
0.046087511106802787
0.04608700584641697
0.04608650200840652
0.04608599959277141
0.04608549859951166
0.04608499902862726
0.046084500880118215
0.04608400415398452
0.04608350885022618
0.04608301496884319
0.046082522509835556
0.04608203147320328
0.04608154185894635
0.04608105366706477
0.046080566897558545
0.04608008155042768
0.04607959762567216
0.04607911512329199
0.04607863404328718
0.046078154385657724
0.04607767615040362
0.04607719933752486
0.04607672394702146
0.04607624997889342
0.04607577743314072
0.04607530630976338
0.04607483660876139
0.04607436833013475
0.04607390147388347
0.04607343604000754
0.046072972028506964
0.04607250943938174
0.046072048272631866
0.046071588528257344
0.04607113020625818
0.04607067330663436
0.046070217829385904
0.0460697637745128
0.04606931114201505
0.04606885993189264
0.046068410144145595
0.0460679617787739
0.046067514835777555
0.04606706931515656
0.04606662521691093
0.04606618254104064
0.04606574128754571
0.04606530145642613
0.046064863047681905
0.04606442606131303
0.04606399049731951
0.04606355635570135
0.04606312363645853
0.04606269233959107
0.04606226246509896
0.04606183401298221
0.0460614069832408
0.04606098137587475
0.046060557190884054
0.04606013442826871
0.04605971308802872
0.04605929317016408
0.046058874674674795
0.04605845760156086
0.04605804195082228
0.046057627722459055
0.04605721491647118
0.04605680353285866
0.046056393571621494
0.04605598503275968
0.04605557791627321
0.0460551722221621
0.046054767950426345
0.04605436510106594
0.04605396367408089
0.04605356366947119
0.04605316508723684
0.046052767927377856
0.04605237218989421
0.046051977874785925
0.046051584982052994
0.04605119351169541
0.04605080346371318
0.046050414838106304
0.046050027634874785
0.046049641854018615
0.0460492574955378
0.04604887455943234
0.04604849304570222
0.046048112954347464
0.04604773428536806
0.04604735703876401
0.04604698121453531
0.04604660681268196
0.04604623383320397
0.04604586227610133
0.04604549214137404
0.0460451234290221
0.04604475613904552
0.04604439027144429
0.046044025826218415
0.04604366280336789
0.04604330120289272
0.0460429410247929
0.04604258226906843
0.04604222493571932
0.046041869024745566
0.04604151453614716
0.046041161469924104
0.046040809826076404
0.04604045960460405
0.04604011080550706
0.046039763428785414
0.046039417474439126
0.046039072942468194
0.046038729832872605
0.04603838814565238
0.0460380478808075
0.046037709038337975
0.046037371618243804
0.04603703562052498
0.04603670104518152
0.0460363678922134
0.04603603616162064
0.04603570585340323
0.04603537696756118
0.046035049504094476
0.04603472346300313
0.04603439884428713
0.04603407564794649
0.0460337538739812
0.04603343352239126
0.046033114593176674
0.046032797086337444
0.046032481001873564
0.04603216633978504
0.046031853100071865
0.04603154128273405
0.04603123088777158
0.04603092191518446
0.0460306143649727
0.04603030823713629
0.04603000353167523
0.04602970024858953
0.04602939838787918
0.046029097949544184
0.04602879893358454
0.04602850134000025
0.04602820516879131
0.04602791041995772
0.046027617093499486
0.04602732518941661
0.04602703470770908
0.04602674564837691
0.046026458011420086
0.046026171796838614
0.0460258870046325
0.04602560363480174
0.04602532168734633
0.04602504116226627
0.04602476205956157
0.04602448437923221
0.046024208121278214
0.04602393328569957
0.04602365987249628
0.046023387881668334
0.04602311731321575
0.046022848167138516
0.046022580443436635
0.0460223141421101
0.04602204926315893
0.0460217858065831
0.04602152377238263
0.04602126316055752
0.046021003971107755
0.04602074620403334
0.04602048985933428
0.04602023493701058
0.04601998143706222
0.046019729359489225
0.04601947870429158
0.04601922947146928
0.04601898166102234
0.04601873527295075
0.046018490307254516
0.04601824676393364
0.04601800464298811
0.04601776394441793
0.046017524668223106
0.04601728681440363
0.046017050382959515
0.04601681537389075
0.046016581787197336
0.046016349622879274
0.04601611888093657
0.04601588956136921
0.04601566166417721
0.04601543518936057
0.04601521013691927
0.04601498650685333
0.046014764299162736
0.046014543513847504
0.046014324150907615
0.04601410621034309
0.046013889692153906
0.046013674596340086
0.04601346092290161
0.046013248671838494
0.04601303784315072
0.04601282843683831
0.04601262045290125
0.04601241389133954
0.046012208752153186
0.04601200503534218
0.046011802740906535
0.04601160186884624
0.046011402419161296
0.046011204391851704
0.04601100778691746
0.04601081260435858
0.046010618844175045
0.046010426506366865
0.04601023559093404
0.04601004609787657
0.04600985802719445
0.04600967137888768
0.04600948615295626
0.046009302349400205
0.04600911996821949
0.046008939009414135
0.046008759472984134
0.04600858135892948
0.04600840466725018
0.046008229397946236
0.04600805555101765
0.04600788312646441
0.04600771212428652
0.04600754254448399
0.04600737438705681
0.04600720765200498
0.04600704233932851
0.046006878449027386
0.04600671598110161
0.0460065549355512
0.04600639531237613
0.04600623711157642
0.046006080333152066
0.04600592497710306
0.04600577104342941
0.04600561853213111
0.046005467443208166
0.04600531777666057
0.04600516953248833
0.04600502271069144
0.046004877311269905
0.046004733334223724
0.0460045907795529
0.046004449647257424
0.0460043099373373
0.04600417164979253
0.04600403478462311
0.046003899341829045
0.04600376532141033
0.04600363272336697
0.04600350154769897
0.04600337179440631
0.04600324346348902
0.04600311655494707
0.046002991068780474
0.046002867004989234
0.04600274436357334
0.04600262314453281
0.046002503347867624
0.046002384973577795
0.046002268021663316
0.04600215249212419
0.04600203838496042
0.046001925700172
0.046001814437758935
0.046001704597721224
0.04600159618005886
0.04600148918477186
0.0460013836118602
0.0460012794613239
0.04600117673316295
0.04600107542737736
0.046000975543967114
0.046000877082932226
0.04600078004427269
0.046000684427988506
0.04600059023407967
0.04600049746254619
0.04600040611338807
0.04600031618660529
0.04600022768219787
0.04600014060016581
0.04600005494050909
0.045999970703227734
0.045999887888321725
0.045999806495791065
0.04599972652563577
0.045999647977855815
0.04599957085245122
0.045999495149421976
0.045999420868768084
0.04599934801048954
0.04599927657458636
0.04599920656105853
0.04599913796990605
0.04599907080112892
0.04599900505472715
0.045998940730700724
0.045998877829049656
0.045998816349773944
0.04599875629287358
0.04599869765834857
0.04599864044619891
0.04599858465642461
0.04599853028902566
0.04599847734400206
0.045998425821353814
0.045998375721080925
0.045998327043183386
0.045998279787661196
0.04599823395451436
0.045998189543742886
0.04599814655534675
0.04599810498932598
0.04599806484568056
0.045998026124410486
0.04599798882551577
0.04599795294899641
0.045997918494852394
0.04599788546308374
0.045997853853690436
0.04599782366667248
0.04599779490202988
0.045997767559762634
0.04599774163987074
0.045997717142354205
0.04599769406721301
0.04599767241444718