0.04937313060258512
0.0493731296660199
0.04937312685632517
0.04937312217350373
0.04937311561756028
0.04937310718850137
0.04937309688633543
0.04937308471107275
0.04937307066272552
0.049373054741307786
0.04937303694683546
0.04937301727932635
0.049372995738800114
0.04937297232527829
0.04937294703878431
0.04937291987934344
0.04937289084698284
0.04937285994173156
0.049372827163620486
0.04937279251268241
0.04937275598895197
0.04937271759246571
0.049372677323262004
0.04937263518138114
0.04937259116686524
0.04937254527975833
0.0493724975201063
0.0493724478879569
0.04937239638335978
0.04937234300636643
0.04937228775703022
0.04937223063540642
0.04937217164155213
0.04937211077552636
0.04937204803738997
0.049371983427205696
0.049371916945038154
0.049371848590953823
0.04937177836502106
0.049371706267310085
0.049371632297892994
0.04937155645684377
0.04937147874423824
0.04937139916015412
0.049371317704671
0.049371234377870325
0.049371149179835434
0.049371062110651516
0.049370973170405646
0.04937088235918676
0.04937078967708567
0.04937069512419506
0.04937059870060948
0.049370500406425356
0.04937040024174098
0.049370298206656525
0.04937019430127401
0.04937008852569736
0.04936998088003233
0.04936987136438658
0.04936975997886962
0.04936964672359284
0.04936953159866949
0.0493694146042147
0.04936929574034546
0.04936917500718063
0.049369052404840956
0.04936892793344903
0.04936880159312933
0.04936867338400819
0.04936854330621382
0.049368411359876296
0.04936827754512757
0.04936814186210146
0.04936800431093364
0.04936786489176166
0.04936772360472495
0.049367580449964796
0.04936743542762434
0.049367288537848615
0.049367139780784504
0.04936698915658077
0.049366836665388034
0.049366682307358786
0.04936652608264739
0.049366367991410066
0.04936620803380491
0.049366046209991875
0.04936588252013278
0.04936571696439132
0.049365549542933054
0.049365380255925406
0.04936520910353765
0.04936503608594095
0.04936486120330832
0.049364684455814635
0.04936450584363665
0.04936432536695298
0.0493641430259441
0.04936395882079235
0.04936377275168193
0.04936358481879892
0.049363395022331245
0.0493632033624687
0.04936300983940295
0.04936281445332751
0.049362617204437784
0.049362418092931
0.04936221711900628
0.049362014282864596
0.04936180958470879
0.049361603024743544
0.04936139460317543
0.04936118432021287
0.04936097217606615
0.04936075817094741
0.04936054230507064
0.049360324578651735
0.0493601049919084
0.049359883545060226
0.04935966023832867
0.04935943507193702
0.04935920804611046
0.049358979161076004
0.049358748417062545
0.04935851581430083
0.04935828135302345
0.049358045033464866
0.04935780685586141
0.04935756682045125
0.049357324927474425
0.04935708117717283
0.04935683556979021
0.049356588105572176
0.04935633878476619
0.04935608760762158
0.04935583457438951
0.04935557968532302
0.049355322940677
0.049355064340708195
0.0493548038856752
0.04935454157583848
0.04935427741146034
0.04935401139280494
0.0493537435201383
0.04935347379372829
0.04935320221384465
0.04935292878075895
0.049352653494744624
0.04935237635607695
0.04935209736503308
0.049351816521891995
0.04935153382693455
0.049351249280443425
0.04935096288270318
0.049350674634000204
0.049350384534622746
0.04935009258486091
0.04934979878500664
0.04934950313535374
0.04934920563619786
0.0493489062878365
0.049348605090569
0.04934830204469657
0.04934799715052225
0.04934769040835093
0.049347381818489355
0.04934707138124612
0.049346759096931654
0.049346444965858244
0.049346128988340024
0.04934581116469297
0.0493454914952349
0.04934516998028549
0.04934484662016626
0.04934452141520056
0.0493441943657136
0.04934386547203243
0.04934353473448593
0.04934320215340486
0.04934286772912179
0.04934253146197114
0.04934219335228918
0.049341853400414026
0.04934151160668562
0.04934116797144577
0.04934082249503809
0.049340475177808076
0.049340126020103035
0.04933977502227213
0.04933942218466635
0.04933906750763855
0.04933871099154338
0.04933835263673739
0.0493379924435789
0.04933763041242813
0.0493372665436471
0.04933690083759967
0.04933653329465156
0.04933616391517032
0.0493357926995253
0.04933541964808775
0.04933504476123069
0.04933466803932903
0.04933428948275948
0.0493339090919006
0.049333526867132785
0.04933314280883826
0.04933275691740107
0.04933236919320712
0.049331979636644124
0.049331588248101646
0.04933119502797107
0.04933079997664563
0.04933040309452035
0.04933000438199214
0.049329603839459696
0.049329201467323565
0.04932879726598612
0.04932839123585156
0.04932798337732592
0.049327573690817056
0.04932716217673465
0.049326748835490215
0.049326333667497106
0.049325916673170475
0.04932549785292733
0.04932507720718648
0.04932465473636857
0.04932423044089608
0.0493238043211933
0.049323376377686357
0.04932294661080318
0.04932251502097355
0.04932208160862905
0.04932164637420309
0.04932120931813091
0.04932077044084956
0.04932032974279792
0.04931988722441669
0.049319442886148396
0.04931899672843736
0.04931854875172975
0.04931809895647354
0.04931764734311852
0.04931719391211631
0.04931673866392034
0.04931628159898586
0.04931582271776993
0.04931536202073143
0.04931489950833107
0.049314435181031346
0.04931396903929659
0.049313501083592955
0.049313031314388384
0.04931255973215265
0.04931208633735733
0.04931161113047583
0.049311134111983346
0.0493106552823569
0.04931017464207532
0.04930969219161926
0.04930920793147115
0.04930872186211526
0.049308233984037664
0.049307744297726226
0.04930725280367065
0.049306759502362414
0.04930626439429483
0.049305767479963
0.049305268759863845
0.049304768234496074
0.049304265904360225
0.04930376176995862
0.049303255831795394
0.049302748090376484
0.04930223854620964
0.0493017271998044
0.04930121405167211
0.04930069910232591
0.049300182352280765
0.04929966380205342
0.049299143452162415
0.049298621303128114
0.04929809735547266
0.049297571609719995
0.04929704406639587
0.049296514726027835
0.04929598358914522
0.04929545065627916
0.049294915927962604
0.04929437940473026
0.049293841087118664
0.049293300975666136
0.049292759070912774
0.0492922153734005
0.04929166988367299
0.04929112260227576
0.04929057352975606
0.04929002266666299
0.0492894700135474
0.04928891557096195
0.049288359339461074
0.049287801319601005
0.04928724151193977
0.04928667991703717
0.0492861165354548
0.049285551367756045
0.04928498441450607
0.049284415676271835
0.049283845153622066
0.049283272847127295
0.04928269875735983
0.049282122884893746
0.04928154523030493
0.04928096579417103
0.04928038457707149
0.049279801579587515
0.049279216802302114
0.04927863024580006
0.049278041910667904
0.04927745179749399
0.04927685990686842
0.049276266239383096
0.04927567079563168
0.04927507357620961
0.04927447458171412
0.049273873812744194
0.0492732712699006
0.04927266695378589
0.049272060865004366
0.04927145300416213
0.04927084337186704
0.04927023196872872
0.04926961879535858
0.04926900385236979
0.049268387140377304
0.04926776865999782
0.04926714841184982
0.04926652639655356
0.049265902614731044
0.04926527706700607
0.04926464975400417
0.04926402067635266
0.04926338983468063
0.049262757229618905
0.0492621228618001
0.04926148673185858
0.04926084884043047
0.04926020918815367
0.04925956777566783
0.04925892460361436
0.049258279672636435
0.049257632983378985
0.04925698453648869
0.04925633433261401
0.04925568237240514
0.04925502865651405
0.049254373185594454
0.04925371596030181
0.049253056981293356
0.04925239624922806
0.049251733764766666
0.04925106952857165
0.049250403541307254
0.04924973580363946
0.04924906631623602
0.049248395079766395
0.049247722094901844
0.04924704736231534
0.04924637088268162
0.049245692656677165
0.049245012684980195
0.04924433096827069
0.049243647507230356
0.049242962302542666
0.04924227535489281
0.04924158666496775
0.04924089623345617
0.04924020406104851
0.04923951014843692
0.049238814496315335
0.0492381171053794
0.0492374179763265
0.04923671710985576
0.04923601450666807
0.04923531016746601
0.04923460409295393
0.049233896283837904
0.04923318674082573
0.04923247546462697
0.049231762455952885
0.049231047715516486
0.04923033124403252
0.04922961304221745
0.049228893110789484
0.04922817145046855
0.04922744806197631
0.04922672294603615
0.04922599610337319
0.049225267534714276
0.049224537240787965
0.04922380522232456
0.04922307148005607
0.049222336014716254
0.04922159882704056
0.04922085991776618
0.04922011928763203
0.04921937693737873
0.04921863286774864
0.04921788707948583
0.04921713957333608
0.0492163903500469
0.04921563941036751
0.049214886755048856
0.04921413238484359
0.04921337630050608
0.04921261850279241
0.04921185899246039
0.04921109777026951
0.04921033483698101
0.0492095701933578
0.04920880384016456
0.04920803577816761
0.04920726600813503
0.04920649453083657
0.049205721347043735
0.049204946457529694
0.04920416986306934
0.04920339156443926
0.04920261156241776
0.04920182985778483
0.04920104645132219
0.049200261343813244
0.0491994745360431
0.04919868602879855
0.04919789582286812
0.04919710391904201
0.04919631031811211
0.04919551502087205
0.049194718028117104
0.049193919340644265
0.049193118959252234
0.049192316884741384
0.04919151311791379
0.049190707659573216
0.049189900510525124
0.04918909167157667
0.049188281143536676
0.04918746892721568
0.049186655023425896
0.049185839432981236
0.049185022156697275
0.0491842031953913
0.049183382549882276
0.04918256022099084
0.04918173620953932
0.049180910516351733
0.04918008314225377
0.049179254088072805
0.049178423354637894
0.049177590942779764
0.04917675685333083
0.049175921087125186
0.04917508364499859
0.04917424452778849
0.049173403736334005
0.04917256127147592
0.04917171713405671
0.0491708713249205
0.049170023844913105
0.049169174694882
0.049168323875676344
0.04916747138814695
0.049166617233146304
0.04916576141152857
0.04916490392414956
0.04916404477186676
0.049163183955539334
0.04916232147602809
0.0491614573341955
0.049160591530905726
0.049159724067024554
0.049158854943419455
0.049157984160959546
0.04915711172051562
0.04915623762296011
0.049155361869167115
0.04915448446001239
0.04915360539637334
0.04915272467912903
0.049151842309160185
0.04915095828734916
0.049150072614579994
0.04914918529173835
0.04914829631971154
0.04914740569938856
0.04914651343166001
0.04914561951741817
0.04914472395755695
0.04914382675297191
0.04914292790456025
0.04914202741322083
0.04914112527985413
0.049140221505362285
0.04913931609064907
0.0491384090366199
0.049137500344181836
0.04913659001424356
0.04913567804771541
0.04913476444550934
0.04913384920853897
0.04913293233771952
0.049132013833967876
0.04913109369820253
0.04913017193134362
0.04912924853431292
0.04912832350803382
0.04912739685343134
0.04912646857143215
0.04912553866296452
0.049124607128958366
0.04912367397034522
0.049122739188058234
0.0491218027830322
0.04912086475620352
0.04911992510851021
0.04911898384089193
0.04911804095428994
0.04911709644964714
0.04911615032790802
0.049115202590018704
0.04911425323692694
0.04911330226958207
0.04911234968893506
0.0491113954959385
0.049110439691546576
0.0491094822767151
0.049108523252401476
0.04910756261956474
0.04910660037916551
0.04910563653216604
0.04910467107953017
0.04910370402222335
0.04910273536121265
0.04910176509746672
0.049100793231955826
0.04909981976565183
0.0490988446995282
0.04909786803456001
0.04909688977172392
0.049095909911998185
0.04909492845636267
0.04909394540579884
0.04909296076128973
0.04909197452381999
0.049090986694375865
0.049089997273945175
0.049089006263517344
0.04908801366408338
0.049087019476635886
0.049086023702169045
0.04908502634167864
0.04908402739616202
0.04908302686661814
0.04908202475404752
0.04908102105945228
0.04908001578383612
0.0490790089282043
0.04907800049356368
0.049076990480922705
0.04907597889129137
0.04907496572568129
0.049073950985105606
0.04907293467057907
0.049071916783117994
0.049070897323740266
0.04906987629346535
0.04906885369331427
0.049067829524309624
0.049066803787475584
0.049065776483837885
0.04906474761442384
0.049063717180262305
0.04906268518238372
0.049061651621820086
0.049060616499604956
0.04905957981677346
0.04905854157436228
0.04905750177340965
0.04905646041495538
0.049055417500040825
0.0490543730297089
0.04905332700500407
0.049052279426972364
0.04905123029666136
0.0490501796151202
0.049049127383399546
0.04904807360255164
0.049047018273630255
0.04904596139769073
0.049044902975789936
0.04904384300898629
0.049042781498339766
0.049041718444911876
0.049040653849765664
0.049039587713965736
0.04903852003857822
0.04903745082467079
0.04903638007331267
0.049035307785574606
0.04903423396252888
0.049033158605249316
0.04903208171481128
0.04903100329229165
0.04902992333876886
0.049028841855322865
0.04902775884303514
0.04902667430298869
0.04902558823626807
0.04902450064395934
0.0490234115271501
0.04902232088692945
0.04902122872438804
0.049020135040618036
0.04901903983671312
0.04901794311376849
0.049016844872880876
0.049015745115148515
0.04901464384167116
0.049013541053550096
0.0490124367518881
0.049011330937789484
0.04901022361236005
0.049009114776707136
0.04900800443193956
0.04900689257916769
0.04900577921950336
0.04900466435405994
0.04900354798395229
0.04900243011029678
0.04900131073421128
0.049000189856815174
0.04899906747922934
0.04899794360257615
0.04899681822797948
0.04899569135656471
0.04899456298945871
0.04899343312778984
0.048992301772687964
0.04899116892528445
0.048990034586712125
0.048988898758105345
0.04898776144059992
0.04898662263533319
0.048985482343443944
0.04898434056607248
0.04898319730436057
0.04898205255945148
0.04898090633248996
0.04897975862462223
0.04897860943699599
0.04897745877076044
0.04897630662706624
0.04897515300706554
0.04897399791191196
0.04897284134276059
0.048971683300767996
0.04897052378709222
0.04896936280289279
0.04896820034933067
0.048967036427568326
0.048965871038769676
0.048964704184100115
0.04896353586472649
0.048962366081817116
0.04896119483654179
0.04896002213007174
0.04895884796357969
0.04895767233823979
0.048956495255227675
0.04895531671572043
0.048954136720896595
0.048952955271936154
0.04895177237002056
0.04895058801633272
0.048949402212056986
0.04894821495837916
0.048947026256486496
0.04894583610756769
0.048944644512812906
0.048943451473413724
0.04894225699056319
0.04894106106545579
0.04893986369928744
0.04893866489325551
0.04893746464855881
0.04893626296639758
0.0489350598479735
0.048933855294489695
0.048932649307150716
0.04893144188716255
0.048930233035732615
0.04892902275406976
0.04892781104338427
0.04892659790488786
0.04892538333979366
0.04892416734931625
0.0489229499346716
0.04892173109707713
0.04892051083775169
0.04891928915791552
0.048918066058790316
0.04891684154159917
0.048915615607566604
0.04891438825791855
0.04891315949388235
0.04891192931668678
0.04891069772756201
0.048909464727739625
0.048908230318452636
0.04890699450093544
0.048905757276423864
0.04890451864615512
0.04890327861136786
0.0489020371733021
0.048900794333199285
0.04889955009230225
0.048898304451855244
0.0488970574131039
0.04889580897729526
0.04889455914567775
0.04889330791950122
0.04889205530001689
0.04889080128847737
0.04888954588613668
0.04888828909425022
0.04888703091407478
0.04888577134686854
0.04888451039389107
0.048883248056403324
0.04888198433566763
0.04888071923294772
0.048879452749508695
0.04887818488661703
0.04887691564554059
0.04887564502754863
0.048874373033911754
0.048873099665901955
0.048871824924792605
0.04887054881185845
0.04886927132837559
0.04886799247562152
0.048866712254875086
0.04886543066741651
0.048864147714527385
0.04886286339749066
0.04886157771759064
0.04886029067611303
0.04885900227434485
0.04885771251357451
0.04885642139509177
0.04885512892018774
0.048853835090154916
0.04885253990628711
0.048851243369879505
0.04884994548222865
0.04884864624463242
0.04884734565839006
0.048846043724802155
0.048844740445170634
0.04884343582079878
0.048842129852991224
0.04884082254305392
0.048839513892294184
0.04883820390202068
0.04883689257354337
0.0488355799081736
0.04883426590722404
0.048832950572008677
0.04883163390384286
0.04883031590404325
0.04882899657392784
0.04882767591481597
0.048826353928028296
0.04882503061488681
0.04882370597671481
0.04882238001483695
0.04882105273057918
0.04881972412526879
0.04881839420023439
0.04881706295680589
0.04881573039631456
0.04881439652009293
0.04881306132947489
0.048811724825795634
0.04881038701039166
0.04880904788460078
0.048807707449762136
0.048806365707216144
0.04880502265830455
0.048803678304370414
0.04880233264675808
0.04880098568681321
0.04879963742588275
0.04879828786531499
0.04879693700645946
0.04879558485066703
0.048794231399289865
0.048792876653681407
0.048791520615196406
0.04879016328519089
0.0487888046650222
0.04878744475604895
0.04878608355963106
0.04878472107712971
0.04878335730990739
0.04878199225932787
0.048780625926756194
0.0487792583135587
0.048777889421103
0.04877651925075798
0.048775147803893824
0.048773775081881965
0.04877240108609513
0.048771025817907314
0.04876964927869379
0.04876827146983109
0.04876689239269703
0.048765512048670676
0.048764130439132386
0.04876274756546376
0.048761363429047674
0.04875997803126826
0.04875859137351092
0.04875720345716232
0.04875581428361036
0.04875442385424422
0.04875303217045433
0.048751639233632384
0.0487502450451713
0.04874884960646528
0.04874745291890975
0.04874605498390141
0.04874465580283819
0.048743255377119266
0.04874185370814507
0.04874045079731728
0.048739046646038786
0.04873764125571375
0.048736234627747566
0.04873482676354685
0.048733417664519475
0.04873200733207454
0.04873059576762238
0.04872918297257455
0.04872776894834385
0.04872635369634431
0.04872493721799116
0.048723519514700914
0.04872210058789124
0.04872068043898109
0.0487192590693906
0.048717836480541135
0.0487164126738553
0.04871498765075689
0.04871356141267093
0.04871213396102366
0.04871070529724253
0.0487092754227562
0.04870784433899455
0.04870641204738866
0.04870497854937082
0.04870354384637454
0.04870210793983451
0.04870067083118664
0.04869923252186804
0.04869779301331702
0.04869635230697308
0.04869491040427694
0.048693467306670485
0.04869202301559683
0.04869057753250026
0.04868913085882626
0.04868768299602149
0.04868623394553383
0.04868478370881232
0.0486833322873072
0.04868187968246989
0.048680425895753
0.048678970928610316
0.048677514782496795
0.04867605745886859
0.048674598959183024
0.0486731392848986
0.04867167843747499
0.04867021641837303
0.04866875322905476
0.04866728887098336
0.04866582334562318
0.04866435665443975
0.04866288879889977
0.04866141978047108
0.048659949600622705
0.04865847826082483
0.04865700576254879
0.04865553210726709
0.048654057296453376
0.048652581331582456
0.048651104214130304
0.04864962594557404
0.04864814652739192
0.048646665961063366
0.04864518424806895
0.04864370138989038
0.048642217388010514
0.04864073224391336
0.04863924595908405
0.04863775853500888
0.04863626997317527
0.04863478027507179
0.048633289442188116
0.0486317974760151
0.0486303043780447
0.04862881014977002
0.048627314792685276
0.04862581830828584
0.04862432069806819
0.04862282196352993
0.04862132210616981
0.048619821127487674
0.0486183190289845
0.048616815812162394
0.04861531147852456
0.04861380602957535
0.0486122994668202
0.048610791791765674
0.048609283005919456
0.048607773110790314
0.04860626210788816
0.04860474999872399
0.04860323678480991
0.04860172246765914
0.048600207048785996
0.0485986905297059
0.048597172911935355
0.048595654196991994
0.048594134386394525
0.04859261348166276
0.04859109148431761
0.048589568395881064
0.04858804421787621
0.04858651895182723
0.04858499259925939
0.04858346516169904
0.04858193664067362
0.048580407037711645
0.04857887635434273
0.048577344592097546
0.04857581175250786
0.048574277837106515
0.048572742847427415
0.048571206785005566
0.04856966965137701
0.0485681314480789
0.04856659217664943
0.04856505183862787
0.04856351043555456
0.04856196796897091
0.04856042444041937
0.048558879851443484
0.048557334203587835
0.04855578749839806
0.04855423973742089
0.04855269092220406
0.0485511410542964
0.048549590135247775
0.048548038166609096
0.04854648514993234
0.04854493108677052
0.04854337597867771
0.048541819827208996
0.04854026263392055
0.04853870440036955
0.04853714512811424
0.04853558481871389
0.0485340234737288
0.04853246109472033
0.04853089768325085
0.04852933324088377
0.048527767769183536
0.04852620126971562
0.048524633744046516
0.04852306519374376
0.04852149562037589
0.048519925025512486
0.04851835341072414
0.04851678077758247
0.04851520712766011
0.0485136324625307
0.04851205678376892
0.048510480092950434
0.04850890239165195
0.048507323681451144
0.04850574396392675
0.04850416324065847
0.04850258151322704
0.04850099878321417
0.04849941505220261
0.04849783032177608
0.048496244593519304
0.04849465786901802
0.04849307014985896
0.048491481437629824
0.04848989173391933
0.04848830104031719
0.04848670935841409
0.04848511668980172
0.04848352303607273
0.048481928398820796
0.04848033277964054
0.04847873618012759
0.048477138601878536
0.04847554004649096
0.048473940515563425
0.04847234001069546
0.04847073853348756
0.0484691360855412
0.048467532668458845
0.0484659282838439
0.04846432293330075
0.04846271661843475
0.04846110934085221
0.04845950110216041
0.048457891903967584
0.04845628174788294
0.048454670635516624
0.04845305856847975
0.04845144554838439
0.04844983157684356
0.04844821665547123
0.048446600785882324
0.04844498396969272
0.04844336620851922
0.04844174750397958
0.04844012785769253
0.048438507271277687
0.04843688574635566
0.04843526328454796
0.04843363988747706
0.04843201555676634
0.04843039029404015
0.04842876410092374
0.04842713697904331
0.04842550893002597
0.048423879955499786
0.04842225005709372
0.04842061923643767
0.04841898749516246
0.04841735483489984
0.048415721257282454
0.04841408676394389
0.048412451356518636
0.0484108150366421
0.04840917780595061
0.04840753966608139
0.04840590061867257
0.048404260665363213
0.04840261980779327
0.04840097804760359
0.048399335386435934
0.048397691825932974
0.04839604736773826
0.04839440201349625
0.0483927557648523
0.04839110862345267
0.048389460590944476
0.04838781166897577
0.048386161859195476
0.048384511163253395
0.04838285958280022
0.04838120711948753
0.04837955377496781
0.04837789955089438
0.04837624444892147
0.04837458847070419
0.048372931617898504
0.048371273892161275
0.04836961529515023
0.04836795582852396
0.04836629549394193
0.048364634293064486
0.04836297222755282
0.048361309299069
0.04835964550927595
0.04835798085983745
0.04835631535241818
0.04835464898868362
0.048352981770300146
0.04835131369893497
0.04834964477625617
0.04834797500393266
0.048346304383634214
0.04834463291703146
0.04834296060579586
0.048341287451599727
0.048339613456116204
0.0483379386210193
0.04833626294798385
0.04833458643868551
0.048332909094800806
0.04833123091800708
0.048329551909982504
0.04832787207240609
0.048326191406957666
0.048324509915317906
0.0483228275991683
0.04832114446019116
0.04831946050006963
0.04831777572048767
0.04831609012313006
0.048314403709682395
0.04831271648183108
0.04831102844126336
0.04830933958966726
0.04830764992873164
0.04830595946014616
0.04830426818560129
0.04830257610678829
0.04830088322539926
0.04829918954312707
0.048297495061665405
0.04829579978270874
0.04829410370795236
0.04829240683909234
0.04829070917782555
0.04828901072584964
0.04828731148486307
0.04828561145656508
0.04828391064265571
0.04828220904483575
0.04828050666480682
0.048278803504271287
0.04827709956493231
0.048275394848493844
0.048273689356660585
0.04827198309113804
0.04827027605363246
0.0482685682458509
0.04826685966950115
0.0482651503262918
0.048263440217932184
0.04826172934613241
0.04826001771260336
0.04825830531905666
0.0482565921672047
0.04825487825876064
0.04825316359543838
0.04825144817895259
0.04824973201101869
0.04824801509335283
0.04824629742767195
0.0482445790156937
0.04824285985913649
0.04824113995971949
0.04823941931916259
0.04823769793918643
0.04823597582151239
0.0482342529678626
0.0482325293799599
0.04823080505952788
0.048229080008290855
0.04822735422797389
0.048225627720302755
0.04822390048700396
0.04822217252980474
0.04822044385043305
0.04821871445061757
0.048216984332087695
0.04821525349657355
0.04821352194580597
0.0482117896815165
0.04821005670543741
0.048208323019301676
0.048206588624842985
0.04820485352379572
0.04820311771789499
0.048201381208876605
0.048199643998477065
0.04819790608843359
0.04819616748048408
0.048194428176367154
0.0481926881778221
0.048190947486588934
0.04818920610440834
0.048187464033021696
0.048185721274171076
0.04818397782959924
0.048182233701049626
0.048180488890266375
0.048178743398994285
0.048176997228978856
0.04817525038196625
0.04817350285970332
0.04817175466393759
0.04817000579641725
0.04816825625889117
0.04816650605310889
0.048164755180820605
0.0481630036437772
0.04816125144373021
0.04815949858243182
0.04815774506163491
0.04815599088309299
0.04815423604856024
0.0481524805597915
0.04815072441854226
0.048148967626568645
0.04814721018562747
0.04814545209747615
0.048143693363872794
0.048141933986576124
0.048140173967345525
0.04813841330794101
0.04813665201012324
0.04813489007565351
0.04813312750629376
0.04813136430380656
0.048129600469955104
0.04812783600650323
0.0481260709152154
0.048124305197856716
0.04812253885619288
0.04812077189199024
0.04811900430701576
0.048117236103037024
0.048115467281822234
0.04811369784514022
0.04811192779476041
0.048110157132452855
0.048108385859988216
0.04810661397913777
0.04810484149167339
0.04810306839936758
0.048101294703993415
0.0480995204073246
0.048097745511135416
0.04809597001720078
0.04809419392729618
0.04809241724319769
0.04809063996668202
0.04808886209952642
0.04808708364350878
0.04808530460040754
0.048083524972001745
0.04808174476007103
0.048079963966395606
0.048078182592756265
0.04807640064093437
0.048074618112711895
0.04807283500987135
0.048071051334195834
0.048069267087469045
0.048067482271475205
0.04806569688799915
0.04806391093882625
0.04806212442574245
0.048060337350534284
0.04805854971498881
0.048056761520893665
0.04805497277003705
0.048053183464207706
0.04805139360519495
0.04804960319478863
0.048047812234779164
0.0480460207269575
0.04804422867311517
0.0480424360750442
0.048040642934537206
0.04803884925338732
0.048037055033388225
0.048035260276334146
0.04803346498401983
0.04803166915824057
0.04802987280079221
0.04802807591347109
0.04802627849807409
0.048024480556398644
0.04802268209024268
0.04802088310140468
0.04801908359168361
0.048017283562878994
0.04801548301679086
0.04801368195521975
0.04801188037996673
0.04801007829283337
0.04800827569562177
0.048006472590134505
0.0480046689781747
0.04800286486154595
0.04800106024205239
0.04799925512149863
0.04799744950168978
0.04799564338443148
0.047993836771529824
0.04799202966479145
0.04799022206602345
0.04798841397703342
0.047986605399629456
0.04798479633562013
0.047982986786814515
0.04798117675502215
0.04797936624205307
0.047977555249717786
0.0479757437798273
0.047973931834193066
0.04797211941462704
0.04797030652294164
0.047968493160949754
0.047966679330464744
0.04796486503330045
0.04796305027127115
0.047961235046191625
0.04795941935987709
0.04795760321414324
0.047955786610806204
0.0479539695516826
0.047952152038589484
0.04795033407334436
0.04794851565776521
0.04794669679367043
0.0479448774828789
0.04794305772720992
0.047941237528483255
0.0479394168885191
0.04793759580913808
0.0479357742921613
0.04793395233941026
0.04793212995270692
0.04793030713387366
0.0479284838847333
0.0479266602071091
0.04792483610282471
0.047923011573704266
0.047921186621572284
0.04791936124825372
0.04791753545557393
0.04791570924535873
0.04791388261943431
0.047912055579627306
0.04791022812776476
0.047908400265674125
0.04790657199518325
0.04790474331812042
0.0479029142363143
0.047901084751593985
0.04789925486578894
0.04789742458072908
0.04789559389824466
0.04789376282016637
0.047891931348325305
0.04789009948455292
0.04788826723068108
0.04788643458854204
0.04788460155996845
0.04788276814679333
0.04788093435085009
0.04787910017397254
0.04787726561799484
0.04787543068475156
0.04787359537607762
0.04787175969380834
0.04786992363977939
0.04786808721582684
0.0478662504237871
0.047864413265496966
0.0478625757427936
0.04786073785751452
0.04785889961149761
0.047857061006581124
0.04785522204460366
0.04785338272740418
0.047851543056821995
0.047849703034696794
0.04784786266286858
0.04784602194317773
0.047844180877464976
0.04784233946757137
0.04784049771533832
0.047838655622607584
0.04783681319122125
0.04783497042302176
0.04783312731985187
0.04783128388355469
0.047829440115973655
0.047827596018952534
0.047825751594335414
0.047823906843966736
0.04782206176969123
0.04782021637335399
0.047818370656800405
0.04781652462187618
0.04781467827042737
0.047812831604300304
0.04781098462534167
0.04780913733539843
0.047807289736317884
0.04780544182994763
0.04780359361813557
0.047801745102729915
0.04779989628557918
0.047798047168532184
0.04779619775343805
0.04779434804214618
0.0477924980365063
0.04779064773836841
0.0477887971495828
0.04778694627200006
0.04778509510747108
0.04778324365784701
0.047781391924979315
0.04777953991071971
0.04777768761692022
0.04777583504543313
0.04777398219811103
0.047772129076806745
0.047770275683373414
0.047768422019664414
0.04776656808753342
0.04776471388883436
0.04776285942542144
0.04776100469914911
0.047759149711872104
0.0477572944654454
0.04775543896172427
0.04775358320256418
0.04775172718982092
0.04774987092535049
0.047748014411009156
0.04774615764865343
0.04774430064014007
0.0477424433873261
0.047740585892068754
0.04773872815622554
0.04773687018165419
0.04773501197021268
0.04773315352375922
0.04773129484415225
0.04772943593325046
0.04772757679291275
0.047725717424998274
0.04772385783136639
0.047721998013876686
0.047720137974388996
0.04771827771476334
0.04771641723686
0.047714556542539435
0.047712695633662344
0.047710834512089635
0.04770897317968244
0.047707111638302074
0.04770524988981009
0.04770338793606824
0.04770152577893846
0.04769966342028292
0.04769780086196398
0.04769593810584419
0.04769407515378631
0.0476922120076533
0.0476903486693083
0.047688485140614634
0.047686621423435854
0.04768475751963566
0.04768289343107796
0.04768102915962685
0.047679164707146594
0.047677300075501645
0.04767543526655663
0.04767357028217638
0.04767170512422585
0.04766983979457021
0.047667974295074786
0.047666108627605085
0.04766424279402677
0.04766237679620568
0.0476605106360078
0.0476586443152993
0.0476567778359465
0.04765491119981587
0.04765304440877406
0.047651177464687854
0.04764931036942419
0.047647443124850176
0.04764557573283305
0.0476437081952402
0.04764184051393916
0.04763997269079763
0.047638104727683414
0.04763623662646448
0.04763436838900893
0.04763250001718501
0.04763063151286108
0.04762876287790565
0.04762689411418735
0.04762502522357495
0.047623156207937334
0.047621287069143516
0.04761941780906265
0.04761754842956398
0.047615678932516885
0.04761380931979087
0.04761193959325554
0.04761006975478063
0.047608199806235985
0.04760632974949153
0.04760445958641734
0.047602589318883566
0.04760071894876049
0.04759884847791847
0.04759697790822798
0.04759510724155959
0.04759323647978396
0.04759136562477187
0.047589494678394156
0.04758762364252177
0.04758575251902575
0.04758388130977722
0.047582010016647386
0.04758013864150754
0.04757826718622906
0.04757639565268341
0.0475745240427421
0.04757265235827676
0.04757078060115907
0.047568908773260775
0.04756703687645372
0.04756516491260979
0.04756329288360096
0.04756142079129925
0.04755954863757675
0.04755767642430562
0.04755580415335807
0.04755393182660637
0.04755205944592285
0.04755018701317988
0.04754831453024991
0.047546441999005415
0.04754456942131892
0.047542696799063006
0.0475408241341103
0.04753895142833346
0.047537078683605204
0.04753520590179826
0.04753333308478542
0.04753146023443949
0.04752958735263334
0.04752771444123983
0.047525841502131884
0.04752396853718244
0.04752209554826446
0.04752022253725093
0.04751834950601487
0.047516476456429306
0.04751460339036728
0.04751273030970187
0.04751085721630616
0.04750898411205322
0.047507110998816174
0.04750523787846813
0.04750336475288221
0.04750149162393153
0.047499618493489236
0.04749774536342844
0.04749587223562229
0.047493999111943894
0.04749212599426639
0.04749025288446289
0.04748837978440651
0.047486506695970335
0.04748463362102747
0.04748276056145098
0.04748088751911393
0.04747901449588936
0.04747714149365029
0.04747526851426972
0.047473395559620636
0.047471522631575995
0.04746964973200871
0.0474677768627917
0.047465904025797825
0.04746403122289992
0.047462158455970786
0.0474602857268832
0.047458413037509875
0.04745654038972351
0.047454667785396754
0.04745279522640221
0.04745092271461243
0.04744905025189994
0.04744717784013719
0.04744530548119659
0.04744343317695051
0.04744156092927125
0.04743968874003105
0.04743781661110211
0.047435944544356554
0.04743407254166644
0.04743220060490379
0.047430328735940525
0.047428456936648516
0.047426585208899565
0.0474247135545654
0.047422841975517674
0.04742097047362797
0.04741909905076778
0.04741722770880853
0.047415356449621575
0.04741348527507816
0.04741161418704946
0.04740974318740656
0.04740787227802047
0.0474060014607621
0.047404130737502256
0.047402260110111664
0.04740038958046096
0.04739851915042066
0.047396648821861204
0.04739477859665292
0.04739290847666603
0.04739103846377066
0.047389168559836804
0.047387298766734386
0.04738542908633319
0.0473835595205029
0.04738169007111308
0.04737982074003318
0.047377951529132524
0.04737608244028034
0.04737421347534569
0.047372344636197564
0.047370475924704794
0.04736860734273608
0.04736673889216002
0.04736487057484505
0.0473630023926595
0.047361134347471544
0.047359266441149225
0.04735739867556046
0.047355531052573
0.04735366357405448
0.04735179624187237
0.047349929057894015
0.04734806202398658
0.047346195142017114
0.04734432841385249
0.04734246184135944
0.047340595426404536
0.04733872917085419
0.04733686307657466
0.047334997145432045
0.047333131379292265
0.047331265780021094
0.04732940034948413
0.047327535089546804
0.04732567000207437
0.04732380508893192
0.047321940351984365
0.047320075793096446
0.04731821141413272
0.04731634721695756
0.047314483203435176
0.04731261937542956
0.04731075573480457
0.04730889228342382
0.047307029023150766
0.047305165955848674
0.04730330308338061
0.04730144040760945
0.04729957793039787
0.04729771565360834
0.04729585357910314
0.04729399170874434
0.04729213004439382
0.04729026858791323
0.04728840734116404
0.04728654630600749
0.04728468548430462
0.04728282487791624
0.04728096448870297
0.04727910431852519
0.04727724436924307
0.047275384642716564
0.047273525140805406
0.04727166586536908
0.04726980681826687
0.04726794800135782
0.047266089416500755
0.047264231065554246
0.04726237295037666
0.0472605150728261
0.04725865743476045
0.047256800038037346
0.04725494288451418
0.04725308597604811
0.047251229314496046
0.047249372901714645
0.04724751673956032
0.047245660829889236
0.0472438051745573
0.047241949775420164
0.047240094634333235
0.04723823975315165
0.047236385133730296
0.04723453077792378
0.04723267668758646
0.04723082286457244
0.04722896931073552
0.047227116027929276
0.04722526301800698
0.04722341028282165
0.047221557824226004
0.04721970564407251
0.047217853744213355
0.04721600212650043
0.047214150792785355
0.04721229974491946
0.0472104489847538
0.04720859851413913
0.04720674833492592
0.047204898448964354
0.047203048858104314
0.047201199564195384
0.047199350569086876
0.04719750187462777
0.04719565348266676
0.047193805395052246
0.047191957613632304
0.04719011014025473
0.04718826297676699
0.04718641612501625
0.04718456958684935
0.04718272336411285
0.047180877458652945
0.04717903187231556
0.047177186606946274
0.04717534166439036
0.04717349704649275
0.04717165275509807
0.047169808792050606
0.04716796515919432
0.04716612185837285
0.04716427889142949
0.04716243626020721
0.04716059396654865
0.04715875201229609
0.047156910399291485
0.04715506912937646
0.04715322820439227
0.047151387626179854
0.047149547396579776
0.047147707517432275
0.04714586799057723
0.047144028817854164
0.047142190001102244
0.0471403515421603
0.04713851344286678
0.04713667570505979
0.047134838330577064
0.047133001321255974
0.04713116467893354
0.04712932840544639
0.047127492502630805
0.04712565697232268
0.04712382181635756
0.04712198703657059
0.04712015263479655
0.047118318612869844
0.047116484972624495
0.04711465171589414
0.04711281884451204
0.04711098636031106
0.04710915426512369
0.04710732256078202
0.047105491249117754
0.04710366033196221
0.0471018298111463
0.047099999688500545
0.04709816996585507
0.04709634064503959
0.04709451172788344
0.04709268321621553
0.04709085511186436
0.04708902741665805
0.04708720013242428
0.047085373260990354
0.04708354680418313
0.04708172076382906
0.0470798951417542
0.04707806993978416
0.04707624515974415
0.04707442080345894
0.04707259687275289
0.04707077336944993
0.04706895029537357
0.04706712765234688
0.04706530544219249
0.04706348366673264
0.04706166232778907
0.04705984142718315
0.04705802096673575
0.04705620094826736
0.04705438137359798
0.04705256224454719
0.047050743562934115
0.04704892533057744
0.0470471075492954
0.04704529022090577
0.04704347334722588
0.04704165693007261
0.04703984097126237
0.04703802547261112
0.04703621043593436
0.047034395863047126
0.04703258175576398
0.047030768115899055
0.04702895494526597
0.04702714224567789
0.047025330018947535
0.04702351826688712
0.0470217069913084
0.047019896194022644
0.04701808587684066
0.047016276041572755
0.04701446669002877
0.04701265782401805
0.047010849445349466
0.047009041555831396
0.04700723415727173
0.04700542725147787
0.047003620840256714
0.04700181492541468
0.04700000950875768
0.04699820459209112
0.046996400177219934
0.04699459626594853
0.04699279286008081
0.04699098996142019
0.04698918757176957
0.04698738569293133
0.04698558432670736
0.046983783474899024
0.04698198313930716
0.04698018332173212
0.04697838402397371
0.046976585247831236
0.046974786995103476
0.046972989267588666
0.046971192067084555
0.04696939539538832
0.04696759925429666
0.046965803645605694
0.046964008571111035
0.046962214032607766
0.04696042003189042
0.04695862657075299
0.046956833650988954
0.046955041274391214
0.04695324944275216
0.04695145815786361
0.046949667421516864
0.046947877235502644
0.04694608760161115
0.046944298521632
0.04694250999735428
0.046940722030566526
0.04693893462305669
0.04693714777661219
0.046935361493019856
0.04693357577406599
0.0469317906215363
0.04693000603721594
0.0469282220228895
0.046926438580340984
0.046924655711353846
0.04692287341771094
0.04692109170119457
0.04691931056358646
0.04691753000666773
0.04691575003221894
0.04691397064202008
0.046912191837850524
0.04691041362148908
0.04690863599471397
0.04690685895930281
0.04690508251703265
0.046903306669679914
0.04690153141902047
0.046899756766829545
0.046897982714881804
0.046896209264951305
0.04689443641881148
0.0468926641782352
0.046890892544994685
0.04688912152086157
0.04688735110760689
0.046885581307001045
0.04688381212081384
0.046882043550814476
0.0468802755987715
0.04687850826645287
0.046876741555625934
0.04687497546805738
0.04687321000551331
0.04687144516975918
0.04686968096255983
0.04686791738567946
0.04686615444088166
0.046864392129929364
0.04686263045458488
0.04686086941660989
0.04685910901776543
0.0468573492598119
0.04685559014450906
0.046853831673616016
0.04685207384889125
0.04685031667209258
0.04684856014497718
0.04684680426930158
0.046845049046821664
0.04684329447929264
0.046841540568469085
0.0468397873161049
0.046838034723953356
0.046836282793767024
0.04683453152729784
0.046832780926297085
0.046831030992515336
0.046829281727702544
0.04682753313360797
0.046825785211980206
0.046824037964567175
0.04682229139311612
0.04682054549937362
0.04681880028508555
0.046817055751997155
0.046815311901852945
0.04681356873639678
0.04681182625737181
0.04681008446652053
0.04680834336558473
0.04680660295630551
0.04680486324042327
0.04680312421967773
0.046801385895807915
0.04679964827055214
0.04679791134564805
0.046796175122832545
0.04679443960384186
0.04679270479041151
0.04679097068427632
0.04678923728717038
0.04678750460082709
0.046785772626979145
0.04678404136735852
0.04678231082369646
0.04678058099772352
0.046778851891169516
0.04677712350576356
0.04677539584323404
0.046773668905308624
0.046771942693714236
0.046770217210177094
0.04676849245642268
0.04676676843417575
0.046765045145160326
0.04676332259109969
0.04676160077371641
0.04675987969473229
0.04675815935586842
0.04675643975884512
0.046754720905382005
0.04675300279719793
0.04675128543601099
0.04674956882353855
0.04674785296149722
0.04674613785160287
0.046744423495570606
0.04674270989511478
0.046740997051949
0.04673928496778611
0.04673757364433818
0.046735863083316544
0.04673415328643176
0.04673244425539363
0.046730735991911174
0.04672902849769267
0.0467273217744456
0.04672561582387669
0.046723910647691894
0.04672220624759638
0.04672050262529456
0.04671879978249005
0.04671709772088569
0.046715396442183546
0.04671369594808489
0.046711996240290224
0.04671029732049925
0.04670859919041089
0.04670690185172328
0.04670520530613374
0.046703509555338835
0.04670181460103431
0.046700120444915116
0.04669842708867541
0.04669673453400855
0.04669504278260708
0.04669335183616277
0.04669166169636656
0.04668997236490857
0.04668828384347816
0.04668659613376384
0.04668490923745332
0.04668322315623348
0.04668153789179043
0.04667985344580941
0.046678169819974885
0.04667648701597047
0.04667480503547897
0.04667312388018236
0.0466714435517618
0.04666976405189763
0.04666808538226933
0.04666640754455558
0.04666473054043422
0.04666305437158225
0.046661379039675835
0.04665970454639031
0.04665803089340017
0.04665635808237907
0.04665468611499981
0.046653014992934366
0.046651344717853864
0.04664967529142857
0.046648006715327914
0.04664633899122047
0.046644672120773965
0.04664300610565527
0.0466413409475304
0.0466396766480645
0.04663801320892189
0.046636350631765994
0.0466346889182594
0.04663302807006381
0.04663136808884008
0.04662970897624819
0.046628050733947254
0.0466263933635955
0.04662473686685032
0.0466230812453682
0.04662142650080476
0.046619772634814746
0.04661811964905202
0.04661646754516957
0.04661481632481951
0.046613165989653045
0.04661151654132052
0.046609867981471376
0.04660822031175418
0.04660657353381659
0.046604927649305405
0.04660328265986649
0.04660163856714484
0.046599995372784545
0.0465983530784288
0.04659671168571991
0.046595071196299256
0.04659343161180733
0.04659179293388371
0.04659015516416709
0.04658851830429522
0.04658688235590498
0.04658524732063231
0.046583613200112235
0.046581979995978885
0.046580347709865466
0.046578716343404256
0.04657708589822663
0.046575456375963026
0.04657382777824297
0.04657220010669506
0.04657057336294696
0.04656894754862542
0.04656732266535626
0.046565698714764354
0.04656407569847366
0.04656245361810718
0.046560832475287015
0.04655921227163429
0.046557593008769216
0.04655597468831105
0.04655435731187812
0.0465527408810878
0.04655112539755652
0.04654951086289977
0.04654789727873207
0.04654628464666701
0.04654467296831723
0.0465430622452944
0.046541452479209246
0.04653984367167153
0.046538235824290064
0.04653662893867269
0.0465350230164263
0.04653341805915682
0.04653181406846919
0.04653021104596741
0.04652860899325451
0.04652700791193254
0.046525407803602564
0.04652380866986471
0.046522210512318106
0.046520613332560905
0.046519017132190296
0.04651742191280247
0.046515827675992646
0.04651423442335507
0.04651264215648298
0.046511050876968656
0.04650946058640337
0.04650787128637742
0.0465062829784801
0.04650469566429971
0.046503109345423586
0.046501524023438025
0.04649993969992836
0.046498356376478915
0.04649677405467301
0.046495192736092955
0.04649361242232009
0.04649203311493472
0.04649045481551615
0.04648887752564267
0.04648730124689159
0.04648572598083918
0.0464841517290607
0.04648257849313041
0.04648100627462154
0.04647943507510631
0.04647786489615592
0.046476295739340555
0.04647472760622936
0.04647316049839047
0.046471594417391
0.04647002936479703
0.0464684653421736
0.04646690235108475
0.04646534039309346
0.04646377946976169
0.046462219582650365
0.04646066073331937
0.046459102923327555
0.04645754615423273
0.046455990427591666
0.04645443574496008
0.046452882107892675
0.04645132951794306
0.04644977797666385
0.04644822748560658
0.04644667804632173
0.04644512966035874
0.04644358232926601
0.04644203605459086
0.046440490837879565
0.04643894668067735
0.04643740358452836
0.0464358615509757
0.0464343205815614
0.04643278067782643
0.04643124184131069
0.04642970407355303
0.04642816737609119
0.0464266317504619
0.04642509719820076
0.04642356372084234
0.0464220313199201
0.04642049999696646
0.04641896975351273
0.046417440591089154
0.04641591251122489
0.04641438551544804
0.04641285960528557
0.04641133478226341
0.04640981104790638
0.04640828840373821
0.04640676685128155
0.04640524639205794
0.04640372702758785
0.046402208759390634
0.04640069158898458
0.04639917551788683
0.04639766054761348
0.04639614667967949
0.046394633915598726
0.046393122256883954
0.04639161170504684
0.04639010226159792
0.046388593928046645
0.04638708670590136
0.046385580596669265
0.046384075601856485
0.046382571722968016
0.04638106896150772
0.046379567318978375
0.04637806679688162
0.04637656739671797
0.04637506911998683
0.04637357196818648
0.04637207594281406
0.046370581045365615
0.046369087277336025
0.046367594640219056
0.04636610313550736
0.046364612764692434
0.04636312352926465
0.04636163543071324
0.0463601484705263
0.046358662650190806
0.046357177971192556
0.04635569443501624
0.0463542120431454
0.04635273079706242
0.046351250698248546
0.046349771748183874
0.046348293948347365
0.04634681730021681
0.04634534180526885
0.046343867464979
0.04634239428082158
0.046340922254269785
0.04633945138679564
0.046337981679870015
0.04633651313496261
0.04633504575354198
0.04633357953707549
0.04633211448702937
0.04633065060486866
0.046329187892057255
0.04632772635005786
0.04632626598033201
0.04632480678434009
0.04632334876354128
0.046321891919393614
0.04632043625335393
0.04631898176687789
0.04631752846141999
0.04631607633843353
0.04631462539937063
0.046313175645682235
0.04631172707881809
0.04631027970022677
0.04630883351135565
0.046307388513650925
0.04630594470855758
0.04630450209751943
0.046303060681979084
0.04630162046337795
0.04630018144315626
0.046298743622753026
0.04629730700360606
0.046295871587152
0.046294437374826254
0.04629300436806302
0.04629157256829533
0.04629014197695497
0.04628871259547253
0.046287284425277395
0.04628585746779773
0.04628443172446049
0.046283007196691435
0.04628158388591508
0.046280161793554736
0.0462787409210325
0.04627732126976924
0.0462759028411846
0.046274485636697026
0.04627306965772371
0.04627165490568064
0.04627024138198255
0.04626882908804299
0.046267418025274225
0.04626600819508734
0.046264599598892155
0.046263192238097266
0.04626178611411004
0.046260381228336596
0.04625897758218182
0.046257575177049357
0.046256174014341615
0.04625477409545976
0.046253375421803695
0.04625197799477211
0.04625058181576243
0.04624918688617082
0.046247793207392224
0.04624640078082032
0.046245009607847526
0.046243619689865026
0.04624223102826273
0.0462408436244293
0.04623945747975213
0.04623807259561739
0.04623668897340994
0.046235306614513416
0.04623392552031017
0.0462325456921813
0.04623116713150663
0.04622978983966473
0.046228413818032874
0.0462270390679871
0.046225665590902146
0.046224293388151504
0.04622292246110736
0.046221552811140654
0.046220184439621025
0.04621881734791685
0.046217451537395225
0.04621608700942195
0.046214723765361565
0.046213361806577306
0.04621200113443113
0.046210641750283714
0.04620928365549444
0.0462079268514214
0.04620657133942141
0.04620521712084996
0.046203864197061295
0.04620251256940831
0.04620116223924266
0.04619981320791466
0.04619846547677334
0.04619711904716644
0.04619577392044038
0.04619443009794029
0.04619308758100999
0.04619174637099201
0.04619040646922754
0.0461890678770565
0.04618773059581747
0.04618639462684773
0.04618505997148326
0.046183726631058714
0.04618239460690742
0.04618106390036141
0.04617973451275139
0.046178406445406744
0.04617707969965555
0.04617575427682454
0.04617443017823915
0.04617310740522346
0.046171785959100264
0.04617046584119099
0.046169147052815766
0.046167829595293385
0.046166513469941294
0.04616519867807562
0.046163885221011156
0.04616257310006136
0.04616126231653836
0.046159952871752924
0.046158644767014506
0.04615733800363121
0.046156032582909796
0.04615472850615569
0.04615342577467296
0.046152124389764355
0.04615082435273124
0.04614952566487366
0.046148228327490305
0.046146932341878506
0.046145637709334254
0.04614434443115219
0.04614305250862557
0.046141761943046325
0.04614047273570503
0.046139184887890886
0.04613789840089174
0.04613661327599408
0.04613532951448303
0.04613404711764235
0.04613276608675444
0.04613148642310033
0.04613020812795968
0.046128931202610794
0.04612765564833059
0.046126381466394625
0.04612510865807707
0.04612383722465075
0.04612256716738709
0.04612129848755614
0.046120031186426595
0.046118765265265746
0.04611750072533952
0.04611623756791245
0.0461149757942477
0.04611371540560704
0.04611245640325085
0.046111198788438154
0.04610994256242655
0.04610868772647227
0.04610743428183014
0.046106182229753614
0.04610493157149474
0.04610368230830419
0.0461024344414312
0.04610118797212366
0.046099942901628034
0.04609869923118939
0.046097456962051385
0.04609621609545631
0.04609497663264503
0.04609373857485699
0.04609250192333026
0.04609126667930149
0.046090032844005924
0.0460888004186774
0.046087569404548334
0.04608633980284975
0.04608511161481124
0.046083884841661
0.0460826594846258
0.046081435544931
0.04608021302380054
0.04607899192245693
0.046077772242121284
0.04607655398401327
0.046075337149351164
0.046074121739351784
0.04607290775523054
0.04607169519820143
0.046070484069477
0.046069274370268386
0.04606806610178528
0.04606685926523595
0.04606565386182724
0.04606444989276454
0.04606324735925184
0.04606204626249165
0.046060846603685084
0.046059648384031794
0.046058451604729995
0.04605725626697647
0.04605606237196657
0.04605486992089417
0.046053678914951726
0.04605248935533025
0.0460513012432193
0.04605011457980698
0.04604892936627997
0.046047745603823464
0.04604656329362123
0.04604538243685559
0.04604420303470739
0.046043025088356025
0.04604184859897946
0.046040673567754174
0.046039499995855195
0.046038327884456096
0.046037157234728995
0.04603598804784454
0.046034820324971915
0.046033654067278836
0.04603248927593157
0.04603132595209491
0.04603016409693217
0.04602900371160522
0.046027844797274425
0.04602668735509871
0.046025531386235524
0.04602437689184083
0.04602322387306911
0.0460220723310734
0.04602092226700524
0.04601977368201469
0.04601862657725033
0.04601748095385927
0.046016336812987134
0.04601519415577806
0.04601405298337471
0.04601291329691825
0.04601177509754837
0.04601063838640326
0.04600950316461965
0.04600836943333275
0.04600723719367629
0.04600610644678251
0.046004977193782166
0.046003849435804496
0.04600272317397727
0.04600159840942674
0.04600047514327768
0.045999353376653354
0.045998233110675524
0.04599711434646445
0.04599599708513892
0.04599488132781617
0.045993767075611966
0.045992654329640566
0.045991543091014706
0.04599043336084563
0.04598932514024307
0.04598821843031524
0.04598711323216886
0.045986009546909117
0.0459849073756397
0.04598380671946278
0.04598270757947902
0.04598160995678755
0.045980513852486
0.04597941926767046
0.04597832620343554
0.045977234660874285
0.04597614464107824
0.04597505614513743
0.045973969174140344
0.04597288372917396
0.04597179981132372
0.04597071742167354
0.04596963656130581
0.04596855723130139
0.045967479432739614
0.045966403166698276
0.04596532843425364
0.04596425523648045
0.04596318357445189
0.045962113449239624
0.04596104486191379
0.04595997781354296
0.04595891230519419
0.04595784833793298
0.04595678591282331
0.0459557250309276
0.04595466569330673
0.04595360790102004
0.04595255165512531
0.0459514969566788
0.04595044380673521
0.04594939220634768
0.04594834215656781
0.04594729365844566
0.04594624671302972
0.04594520132136694
0.04594415748450271
0.045943115203480864
0.04594207447934368
0.045941035313131894
0.04593999770588466
0.045938961658639595
0.04593792717243274
0.04593689424829858
0.04593586288727004
0.045934833090378484
0.04593380485865371
0.04593277819312394
0.045931753094815855
0.04593072956475454
0.04592970760396353
0.04592868721346478
0.0459276683942787
0.04592665114742408
0.04592563547391819
0.04592462137477669
0.04592360885101369
0.0459225979036417
0.045921588533671676
0.04592058074211299
0.04591957452997343
0.04591856989825921
0.045917566847974954
0.045916565380123724
0.04591556549570698
0.04591456719572461
0.045913570481174906
0.0459125753530546
0.04591158181235879
0.04591058986008105
0.045909599497213315
0.045908610724745946
0.045907623543667724
0.04590663795496583
0.04590565395962584
0.04590467155863176
0.04590369075296599
0.04590271154360933
0.045901733931541
0.0459007579177386
0.04589978350317815
0.045898810688834064
0.04589783947567915
0.045896869864684636
0.04589590185682012
0.04589493545305361
0.045893970654351524
0.04589300746167864
0.04589204587599816
0.04589108589827168
0.04589012752945916
0.045889170770518975
0.045888215622407885
0.04588726208608104
0.04588631016249198
0.045885359852592615
0.045884411157333264
0.045883464077662625
0.04588251861452777
0.04588157476887417
0.04588063254164566
0.04587969193378448
0.04587875294623123
0.045877815579924895
0.045876879835802846
0.045875945714800824
0.04587501321785296
0.045874082345891735
0.04587315309984803
0.04587222548065109
0.04587129948922854
0.04587037512650635
0.04586945239340891
0.04586853129085894
0.04586761181977754
0.045866693981084186
0.04586577777569671
0.04586486320453133
0.0458639502685026
0.04586303896852347
0.045862129305505234
0.045861221280357564
0.045860314893988466
0.045859410147304346
0.04585850704120994
0.04585760557660835
0.04585670575440105
0.04585580757548786
0.04585491104076696
0.04585401615113487
0.045853122907486506
0.045852231310715086
0.045851341361712226
0.04585045306136786
0.0458495664105703
0.0458486814102062
0.04584779806116054
0.04584691636431668
0.045846036320556324
0.04584515793075951
0.04584428119580462
0.04584340611656841
0.045842532693925936
0.04584166092875063
0.04584079082191426
0.045839922374286926
0.045839055586737086
0.04583819046013152
0.04583732699533535
0.04583646519321204
0.04583560505462341
0.04583474658042958
0.045833889771489035
0.04583303462865858
0.045832181152793354
0.04583132934474684
0.04583047920537084
0.04582963073551549
0.04582878393602927
0.04582793880775898
0.04582709535154974
0.045826253568245004
0.04582541345868656
0.04582457502371453
0.04582373826416732
0.04582290318088172
0.04582206977469279
0.045821238046433954
0.04582040799693692
0.04581957962703176
0.04581875293754683
0.04581792792930882
0.04581710460314274
0.04581628295987192
0.045815463000317996
0.04581464472530094
0.04581382813563901
0.0458130132321488
0.045812200015645226
0.045811388486941496
0.045810578646849134
0.04580977049617798
0.0458089640357362
0.04580815926633024
0.045807356188764865
0.045806554803843165
0.04580575511236652
0.045804957115134624
0.04580416081294547
0.04580336620659536
0.0458025732968789
0.04580178208458901
0.04580099257051688
0.04580020475545205
0.04579941864018232
0.04579863422549381
0.04579785151217093
0.0457970705009964
0.04579629119275122
0.04579551358821471
0.045794737688164465
0.045793963493376395
0.045793191004624687
0.04579242022268183
0.04579165114831862
0.04579088378230411
0.04579011812540567
0.04578935417838897
0.045788591942017946
0.045787831417054836
0.04578707260426017
0.04578631550439276
0.045785560118209695
0.04578480644646637
0.04578405448991646
0.045783304249311915
0.045782555725402976
0.04578180891893817
0.0457810638306643
0.045780320461326456
0.04577957881166801
0.04577883888243061
0.04577810067435418
0.04577736418817693
0.045776629424635354
0.045775896384464214
0.04577516506839654
0.04577443547716365
0.04577370761149514
0.04577298147211888
0.045772257059761005
0.045771534375145924
0.045770813418996324
0.04577009419203316
0.045769376694975654
0.045768660928541316
0.045767946893445904
0.04576723459040345
0.04576652402012627
0.04576581518332492
0.045765108080708244
0.04576440271298334
0.04576369908085558
0.04576299718502859
0.045762297026204275
0.04576159860508279
0.045760901922362554
0.045760206978740246
0.045759513774910825
0.04575882231156747
0.04575813258940167
0.04575744460910313
0.04575675837135984
0.045756073876858025
0.0457553911262822
0.045754710120315095
0.04575403085963772
0.045753353344929346
0.04575267757686748
0.04575200355612789
0.04575133128338461
0.04575066075930989
0.045749991984574266
0.04574932495984651
0.045748659685793655
0.04574799616308096
0.04574733439237196
0.04574667437432842
0.04574601610961036
0.045745359598876045
0.04574470484278199
0.045744051841982936
0.045743400597131896
0.04574275110888012
0.04574210337787708
0.04574145740477052
0.04574081319020641
0.04574017073482896
0.04573953003928063
0.04573889110420211
0.04573825393023234
0.0457376185180085
0.04573698486816599
0.04573635298133847
0.045735722858157815
0.045735094499254156
0.04573446790525585
0.045733843076789495
0.045733220014479915
0.045732598718950176
0.045731979190821566
0.045731361430713616
0.045730745439244096
0.045730131217028985
0.04572951876468251
0.04572890808281712
0.0457282991720435
0.045727692032970564
0.045727086666205445
0.04572648307235351
0.04572588125201836
0.045725281205801806
0.0457246829343039
0.04572408643812291
0.045723491717855336
0.045722898774095896
0.04572230760743753
0.04572171821847141
0.045721130607786924
0.045720544775971685
0.04571996072361152
0.04571937845129048
0.04571879795959084
0.0457182192490931
0.04571764232037596
0.04571706717401634
0.04571649381058941
0.04571592223066852
0.045715352434825246
0.04571478442362939
0.04571421819764896
0.045713653757450186
0.0457130911035975
0.04571253023665357
0.04571197115717925
0.04571141386573362
0.04571085836287398
0.04571030464915583
0.04570975272513288
0.04570920259135705
0.045708654248378486
0.04570810769674553
0.04570756293700472
0.04570701996970082
0.04570647879537681
0.04570593941457385
0.045705401827831324
0.04570486603568682
0.04570433203867613
0.04570379983733326
0.0457032694321904
0.045702740823777954
0.04570221401262454
0.04570168899925696
0.04570116578420023
0.045700644367977564
0.045700124751110384
0.0456996069341183
0.045699090917519135
0.0456985767018289
0.04569806428756182
0.04569755367523029
0.04569704486534494
0.04569653785841458
0.045696032654946206
0.045695529255445025
0.045695027660414445
0.04569452787035605
0.04569402988576963
0.04569353370715318
0.04569303933500287
0.045692546769813075
0.045692056012076356
0.04569156706228348
0.04569107992092339
0.04569059458848322
0.04569011106544832
0.045689629352302204
0.04568914944952658
0.04568867135760136
0.045688195077004626
0.04568772060821267
0.04568724795169995
0.04568677710793913
0.04568630807740105
0.045685840860554744
0.045685375457867425
0.045684911869804494
0.04568445009682954
0.04568399013940434
0.04568353199798885
0.04568307567304122
0.04568262116501775
0.045682168474372974
0.04568171760155956
0.045681268547028406
0.04568082131122855
0.04568037589460723
0.04567993229760987
0.04567949052068005
0.04567905056425956
0.04567861242878836
0.04567817611470457
0.04567774162244452
0.045677308952442694
0.04567687810513177
0.04567644908094258
0.04567602188030416
0.04567559650364371
0.0456751729513866
0.045674751223956395
0.04567433132177481
0.045673913245261745
0.045673496994835285
0.04567308257091168
0.04567266997390535
0.0456722592042289
0.04567185026229308
0.04567144314850686
0.04567103786327733
0.04567063440700979
0.045670232780107685
0.045669832982972655
0.045669435016004484
0.045669038879601144
0.04566864457415877
0.04566825210007168
0.04566786145773233
0.04566747264753136
0.0456670856698576
0.04566670052509802
0.04566631721363776
0.04566593573586013
0.04566555609214661
0.045665178282876855
0.045664802308428655
0.045664428169178
0.045664055865499015
0.04566368539776402
0.04566331676634347
0.045662949971606
0.0456625850139184
0.04566222189364564
0.04566186061115084
0.04566150116679526
0.045661143560938366
0.045660787793937764
0.04566043386614921
0.04566008177792664
0.04565973152962213
0.04565938312158594
0.045659036554166484
0.04565869182771031
0.04565834894256216
0.04565800789906491
0.04565766869755961
0.04565733133838546
0.04565699582187982
0.0456566621483782
0.04565633031821428
0.04565600033171989
0.04565567218922501
0.04565534589105779
0.045655021437544525
0.04565469882900967
0.04565437806577583
0.04565405914816377
0.045653742076492414
0.045653426851078815
0.04565311347223822
0.045652801940284
0.045652492255527685
0.04565218441827896
0.04565187842884566
0.04565157428753378
0.045651271994647455
0.045650971550488986
0.04565067295535881
0.045650376209555525
0.045650081313375876
0.04564978826711476
0.04564949707106522
0.045649207725518455
0.04564892023076381
0.04564863458708879
0.04564835079477902
0.0456480688541183
0.045647788765388574
0.04564751052886992
0.04564723414484059
0.04564695961357697
0.04564668693535357
0.04564641611044308
0.04564614713911633
0.045645880021642285
0.045645614758288065
0.04564535134931893
0.04564508979499829
0.0456448300955877
0.04564457225134687
0.045644316262533624
0.04564406212940396
0.04564380985221202
0.04564355943121006
0.04564331086664852
0.04564306415877596
0.04564281930783909
0.04564257631408276
0.04564233517774995
0.045642095899081817
0.04564185847831762
0.0456416229156948
0.045641389211448904
0.045641157365813645
0.04564092737902086
0.04564069925130055
0.04564047298288083
0.04564024857398796
0.045640026024846375
0.04563980533567861
0.04563958650670535
0.04563936953814543
0.045639154430215816
0.045638941183131616
0.04563872979710608
0.04563852027235059
0.04563831260907467
0.04563810680748599
0.04563790286779035
0.04563770079019168
0.04563750057489206
0.045637302222091725
0.045637105731989
0.045636911104780395
0.04563671834066053
0.04563652743982217
0.045636338402456206
0.04563615122875169
0.04563596591889579
0.045635782473073816
0.045635600891469216
0.045635421174263564
0.045635243321636584
0.04563506733376613
0.045634893210828184
0.04563472095299687
0.04563455056044445
0.04563438203334132
0.04563421537185599
0.04563405057615514
0.045633887646403554
0.04563372658276417
0.04563356738539805
0.045633410054464384
0.045633254590120506
0.04563310099252189
0.04563294926182212
0.04563279939817293
0.04563265140172419
0.04563250527262389
0.04563236101101817
0.04563221861705127
0.04563207809086561
0.0456319394326017
0.0456318026423982
0.0456316677203919
0.04563153466671773
0.04563140348150873
0.045631274164896096
0.045631146717009144
0.04563102113797532
0.045630897427920196
0.045630775586967494
0.045630655615239046
0.04563053751285483
0.04563042127993294
0.04563030691658962
0.045630194422939224
0.04563008379909425
0.04562997504516532
0.04562986816126119
0.04562976314748875
0.04562966000395299
0.04562955873075709
0.04562945932800229
0.04562936179578801
0.04562926613421178
0.04562917234336926
0.045629080423354236
0.04562899037425863
0.04562890219617251
0.04562881588918402
0.04562873145337949
0.045628648888843354
0.04562856819565817
0.04562848937390464
0.04562841242366158
0.04562833734500593
0.04562826413801279
0.04562819280275535
0.04562812333930495
0.045628055747731065
0.045627990028101265
0.04562792618048129
0.04562786420493497
0.0456278041015243
0.04562774587030936
0.04562768951134839
0.04562763502469777
0.04562758241041196
0.04562753166854358
0.04562748279914338
0.045627435802260224
0.04562739067794111
0.04562734742623117
0.04562730604717363
0.0456272665408099
0.04562722890717947
0.04562719314631998
0.045627159258267186
0.04562712724305497
0.045627097100715365
0.0456270688312785
0.04562704243477264
0.0456270179112242
0.045626995260657686
0.04562697448309576
0.04562695557855919
0.04562693854706689
0.04562692338863589
0.045626910103281335
0.04562689869101652
0.04562688915185287
0.0456268814857999
0.0456268756928653
0.04562687177305484
0.045626869726372456