0.005851103854105364
0.005688762051656279
0.005522208079670821
0.005351533601585815
0.00517685475412236
0.004998314084713777
0.00481608225825719
0.004630359644588871
0.004441377822320561
0.004249400391053603
0.0040547243654717015
0.0038576801865308793
0.0036586321720833183
0.003457977320239478
0.0032561443770804245
0.003053591786229262
0.002850803985403329
0.002648288314220679
0.0024465689494962734
0.0022461814700080536
0.0020476640967359272
0.001851549322433378
0.0016583534374894039
0.0014685653477301372
0.0012826338066034156
0.0011009540834233307
0.0009238539396795548
0.0007515792976174577
0.0005857207651533147
0.0004616623773309724
0.0003860403272186238
0.00035739463732101614
0.0003608077760488924
0.00039680591283020955
0.00045916929205054336
0.0005384871482399298
0.0006369955075697536
0.0007512428158632812
0.0008754987687295528
0.0010133903242107352
0.0011574435257088239
0.0013068784419767293
0.0014633936654929623
0.0016287787725606966
0.0018049460946735203
0.00199374352434177
0.0021973260200547707
0.0024177943414548154
0.0026573862297956216
0.0029184570490587433
0.0032034978660712685
0.003515157961320379
0.0038562706346167808
0.004229881891798041
0.004639283092070878
0.0050880387225251695
0.005580030341327598
0.006119488801339302
0.006711035363948445
0.007359724129266546
0.008071087182869184
0.008851182906985557
0.009706648155670525
0.010644754468611125
0.011673469103078687
0.012801521326949825
0.014038474544738775
0.015394804825036794
0.016881985995741144
0.018512584413736766
0.020300357830999413
0.022260367260952686
0.024409096408594906
0.02676458171819216
0.029346554262284618
0.03217659213954262
0.03527831458998397
0.038677453345632704
0.042402178366243715
0.04648332260547843
0.050954450378710964
0.05585223117452928
0.061216665579149177
0.0670913701049297
0.07352388038459473
0.0805659623996994
0.08827401470992133
0.0967093599374019
0.10593866168633581
0.11603438565026035
0.1270752016213837
0.13914646165538735
0.15234067878163057
0.1667581474784859
0.18250734765120247
0.19970563254148338
0.21847981455434995
0.23896682877621492
0.2613144130668698
0.2856818371610928