0.00003741413946862598
0.00004072429769349095
0.000044306710625978295
0.00004820740922680638
0.000052476110760697445
0.00005716871780049774
0.00006235103318897015
0.00006811865829451328
0.00007455581846703099
0.00008164974208498399
0.00008947169316733549
0.00009809807275952087
0.00010761052592242538
0.00011809602179344548
0.00012964695531583886
0.00014236131760820626
0.00015634297714077223
0.00017170210794470458
0.0001885557984285374
0.00020702883388030486
0.0002272547384610012
0.0002493769919168863
0.0002735504955667927
0.00029994326159935584
0.00032873833001255165
0.00036013591268850114
0.00039435576457588626
0.00043163978335177043
0.00047225484085550027
0.0005164958522903466
0.0005646890810984219
0.0006171957555590306
0.0006744158532090752
0.0007367922822279452
0.0008048153257572985
0.0008790274377087075
0.0009600284105123082
0.0010484809500322866
0.0011451166978369977
0.0012507427463008208
0.0013662486976952085
0.0014926143246143633
0.00163091789745229
0.0017823452383303026
0.0019481996123599356
0.0021299124960485446
0.0023290553561634312
0.002547352527261774
0.0027866953048387762
0.003049157378666114
0.003337011741663415
0.003652749221510105
0.003999096835923453
0.004379047729782378
0.004795874321324925
0.005253165349849365
0.005754841902804541
0.006305206466335701
0.006908966895402419
0.007571278165691361
0.008297783783162297
0.00909466239019098
0.009968678232248557
0.010927235613770727
0.01197844004764808
0.013131193862461095
0.014395114868429353
0.01578092204038917
0.01730021207490628
0.018965707068732043
0.020791324401917596
0.02279228654854689
0.024985240401597872
0.02738838682930881
0.030021621217435065
0.03290668578773375
0.03606733451738253
0.03952951151635725
0.04332154374918083
0.04747434901380028
0.05202166011215514
0.05700026616492407
0.06245027203526335
0.0684153768339542
0.07494317248025813
0.08208546329002715
0.08989860755525719
0.09844388206900796
0.10778787053788559
0.11800287681391707
0.12916736387161654
0.14136641945894035
0.15469224936747739
0.16924469667230746
0.18513180388533695
0.20247037916459854
0.2213866215003508
0.24201676591569546
0.2645077666498814
0.28901801763999857