0.10562275982716522
0.10536739855499366
0.10510031848756717
0.10482099750981423
0.10452889176312019
0.10422343488922838
0.1039040372633551
0.10357008521798028
0.10322094025954821
0.10285593827988317
0.10247438876533241
0.10207557400617215
0.1016587483096097
0.10122313722020677
0.10076793675141828
0.10029231263319369
0.09979539958030345
0.09927630058729607
0.09873408625572176
0.09816779416084523
0.09757642826471973
0.09695895838379116
0.09631431971941194
0.09564141246096067
0.09493910147081777
0.09420621606251882
0.09344154988257876
0.09264386090854537
0.09181187157494353
0.09094426904028355
0.09003969605249748
0.0890967890658089
0.08811412370118268
0.08709025195507172
0.08602369445261879
0.08491294182912462
0.08375645633588395
0.08255267367681926
0.08130001055314326
0.07999684527542301
0.07864155252205343
0.07723248479284515
0.07576798061041627
0.07424636760453288
0.07266596570576166
0.07102508698293578
0.06932205232173955
0.0675551744778146
0.06572277408102561
0.06382318368525526
0.061854729885257455
0.05981576321192508
0.057704638660265234
0.05551971174760788
0.05325936164220246
0.05092194502042883
0.04850581314025123
0.04600929245439922
0.04343066731029886
0.040768158294453884
0.03801988980770888
0.03518385927888881
0.03225789544436162
0.029239579269816508
0.02612621584972063
0.022914734038351578
0.019988109947831928
0.01775492617536437
0.01619089964174046
0.015272114711770006
0.014974986033760325
0.015279971471249076
0.016164727787477677
0.017613537063845858
0.019608776669529312
0.022136816520435608
0.025189494229639862
0.028755575176924515
0.03283653112531416
0.03743154096798629
0.04254582701253653
0.048196150354902635
0.054402685931625866
0.06119510375453918
0.0685105498143601
0.0763404161557809
0.08474419456417712
0.0937873268766042
0.10354147071668784
0.11408479264868823
0.12550221922839733
0.13788574890096006
0.1513347326578018
0.16595630503176967
0.1818655694351025
0.19918628084651563
0.218051197930918
0.2386026670942808
0.2609932655668087
0.28538649269567135