0.0008656959005017006
0.0007921027479013813
0.0007201047795931218
0.000649941840032883
0.0005818423380621937
0.0005160182884149512
0.00045266013506889077
0.00039193149452893705
0.00033396398441553146
0.00027885232522756304
0.00022664991794908753
0.00017736510517841672
0.00013137846868224032
0.00009629171749512293
0.0000817141363066773
0.000074509504048411
0.00007666477033100249
0.00009311517339845051
0.00011213905087672726
0.00013342952225546217
0.00015911717669529724
0.0001878931111949417
0.00021772123537363688
0.00024818881388663456
0.00027949809569540753
0.00031209870230937203
0.0003464419587486831
0.0003829801432419743
0.00042216719955845227
0.0004644608571511646
0.0005103260316136127
0.0005602393257468686
0.000614694424025887
0.0006742081707319699
0.0007393271433828866
0.0008106345726472994
0.0008887575117146289
0.0009743742141636933
0.0010682217331346106
0.0011711037996219135
0.001283899070426696
0.0014075698547964175
0.0015431714336683281
0.0016918620796228464
0.0018549138725238398
0.002033724390061733
0.0022298293386186696
0.002444916181256666
0.0026808388190933145
0.0029396333908324563
0.0032235352731007833
0.003534997389892612
0.0038767099714337562
0.004251621938558749
0.0046629641257709565
0.00511427459285484
0.005609426308537719
0.006152657520202825
0.006748605149702425
0.007402341577299652
0.008119415194302242
0.00890589512088843
0.009768420500290914
0.010714254795035032
0.011751345526317264
0.012888389915304284
0.01413490690500183
0.015501316064796992
0.01699902390583878
0.018640518164913227
0.02043947064638956
0.02241084924603364
0.024571039816182437
0.02693797856851399
0.02953129574748036
0.032372471343938544
0.035485003653778366
0.038894591519636985
0.042629331124746705
0.0467199282354063
0.051199926812402693
0.05610595493116312
0.061477988964560554
0.06735963699190663
0.07379844240136134
0.08084620865186992
0.08855934615506036
0.09699924222826599
0.10623265505891542
0.11633213261021223
0.12737645739133588
0.13945111801681076
0.1526488084934868
0.16706995620617307
0.18282337570388033
0.20002637689053082
0.21880634640990942
0.23930044107705548
0.2616567575799428
0.28603496285090646