0.00003440827910319228
0.000028245154178267922
0.000026896473557017077
0.00003086633915298034
0.00003676278839780262
0.00004353732311688105
0.00005079548498761892
0.00005839513362452142
0.00006629047320613819
0.00007449722142903434
0.00008307641285896291
0.00009212776844106437
0.00010180403143313834
0.00011229416790979092
0.000123484012418952
0.00013551077685373876
0.0001485248126124675
0.00016266384604956457
0.00017807774065638828
0.00019492708694048634
0.00021338222129362616
0.00023362568854583176
0.00025585446875785243
0.0002802819002209085
0.0003071393970441799
0.0003366778811698073
0.0003691690885198499
0.00040490680359899856
0.0004442081307241373
0.0004874149091823796
0.0005348953767962838
0.0005870461791666953
0.0006442948102941329
0.0007071025439809335
0.0007759679960773016
0.0008514311653728797
0.0009340782546329951
0.0010245471055721858
0.0011235333513482577
0.00123179729788442
0.0013501715593433237
0.0014795694764347788
0.0016209943516590983
0.0017755495423460838
0.0019444494673354267
0.0021290315437877756
0.0023307692291948956
0.0025512861007649314
0.002792371174823878
0.0030559955223543804
0.003344330303558107
0.0036597663504615895
0.004004935441305585
0.004382733426494377
0.004796345383044461
0.005249270791973119
0.005745361960230621
0.0062888438859287354
0.006884357926317001
0.007537002022961279
0.008252358743638506
0.009036561918097766
0.009896333958796336
0.010839043049105017
0.011872763688119462
0.013006342116142494
0.014249466782649592
0.01561278073017273
0.017107799214322553
0.018747334561647802
0.020545266663857333
0.02251681516061284
0.024678627995730784
0.027048910348977533
0.029647565317476095
0.03249634649577727
0.0356190232852846
0.039041559792974426
0.04279230820538038
0.04690221754593675
0.051405058741499386
0.0563376669363133
0.06174020199839459
0.06765642816421998
0.07413401376189867
0.08122485194170989
0.08898540332591844
0.09747706146867413
0.10676654199315193
0.1169262962493865
0.12803495031575376
0.14017777015410238
0.1534471537278008
0.16794315090982317
0.183774009205485
0.2010567634347451
0.21991782714432712
0.2404936450480558
0.2629313641420048
0.2873895428203562