0.015703729436608423
0.015501363571823554
0.01529129048736674
0.015073316756167653
0.014847254960672282
0.01461292520092102
0.01437015674844145
0.014118789852323817
0.013858697676220612
0.013589710474932353
0.013311732711684914
0.013024668556960751
0.01272844645442792
0.012423019396872195
0.012108368429900918
0.01178450566036479
0.011451477356060728
0.011109367102701545
0.010758299348948706
0.010398441054027686
0.010030006902128198
0.00965326068416719
0.009268517785967587
0.008876148940529969
0.008476579428164079
0.008070291568925848
0.007657823746322802
0.0072397719173196914
0.006816783625713941
0.006389556723497115
0.005958834192292749
0.005525393275501316
0.005090041058677734
0.004653598920382178
0.00421688963674941
0.00378071846541894
0.0033458558890606654
0.0029130122478455843
0.002482811820068267
0.0020557679075772547
0.0016533458570474188
0.0013649832546579995
0.001191126472745256
0.0011147690236804314
0.0011291013073865203
0.0012211388876371906
0.0013773216506545818
0.0015973305462764732
0.0018681115539584806
0.002181815718789754
0.0025413694099846017
0.002937680443578575
0.003372288735502345
0.0038366278192952315
0.004323345364919449
0.0048370731423735954
0.00538291602188346
0.005966367681199453
0.00659330766847117
0.007270010917487612
0.008003162967120532
0.008799885471813537
0.009667771992647945
0.010614934730027592
0.011650062305204439
0.012782488358145902
0.01402226835264958
0.015380276670883545
0.01686829188664612
0.018499111353384105
0.020286663746428568
0.022246131768417502
0.02439408314543898
0.02674861034540786
0.029329479690442965
0.03215829685207499
0.03525865317349757
0.03865634495682209
0.042379546043865395
0.04645902387232106
0.05092837158170901
0.05582424471089542
0.061186628671740934
0.06705911905717282
0.07348922354218504
0.08052868511671349
0.08823384249692974
0.09666593945699507
0.10589158502310153
0.11598321277767272
0.12701936062945826
0.13908530598141916
0.1522734907088224
0.16668408798011947
0.18242547278881643
0.1996149436822458
0.21837926322022827
0.2388553377971922
0.2611909741940386
0.2855454096552712