0.00003416862488530374
0.000038276145240652354
0.000042519541604452365
0.00004691928531460157
0.000051535016761675436
0.00005643199899724316
0.00006167958796525545
0.00006735145642238726
0.00007352919692767063
0.0000803113464534319
0.00008783952938169854
0.00009607635572845477
0.00010510893684295727
0.0001150305414028924
0.00012594161920664098
0.00013795061557852242
0.00015117459693020802
0.00016573972744088182
0.00018178165138654502
0.0001994458443603375
0.00021888800581756072
0.00024027452634354493
0.0002637831707560773
0.0002896039237792319
0.00031794012158141893
0.0003490098723120983
0.0003830477964516871
0.00042030710508524316
0.00046106202802060215
0.000505610599663765
0.0005542778082952328
0.0006074191019696934
0.0006654243271487121
0.0007287219346634952
0.0007977836938824163
0.0008731297596779736
0.0009553341796661831
0.0010450308552845927
0.0011429199865912222
0.0012497750365570634
0.001366450256464119
0.0014938888204057415
0.001633131623932666
0.001785326812790842
0.001951740087762866
0.0021337659281401716
0.0023329397328593366
0.0025509510466910335
0.0027896579514690607
0.003051102747356041
0.0033375290567660603
0.003651400496462226
0.003995421077441857
0.004372555506928337
0.004786061408010282
0.005239504521928564
0.005736795430657963
0.006282222955366115
0.0068804764044753455
0.007536702697547926
0.008256535855217902
0.009046146528595084
0.00991229131561311
0.010862368430965098
0.011904476834785243
0.013047482847416032
0.014301122924291353
0.015675922271902034
0.01718359865017334
0.01883683821875325
0.02064955261015037
0.022636959259813814
0.024815700250910393
0.027203972042204108
0.02982166623703107
0.03269052218403467
0.03583429223386993
0.039278920507100606
0.043052736056779214
0.04718666133359016
0.05171443688173878
0.056672863209039595
0.062102060784627724
0.06804574912197492
0.07455154590337582
0.08167128709510285
0.08946136899046689
0.09798311310261605
0.10730315481133298
0.11749385665146156
0.12863374711761535
0.14080798585530768
0.15410885611703062
0.16863628261475336
0.1844983924858793
0.20181207828590647
0.22070362065283466
0.24130932945153286
0.2637762220731942
0.28826273791787754